Método da Bissecção da função f(x)=x^5-2x^4-9x^3+22x^2+4x-24
I=[0,5], Precisão=1e-10, X0=2.5 e Número Máximo de Iterações=500.
+----------+-------------------+-------------------+-------------------+--------------------+--------------------+-------------------+
| Iteração |         a         |         b         |         x         |        f(a)        |        f(x)        |       |f(x)|      |
+----------+-------------------+-------------------+-------------------+--------------------+--------------------+-------------------+
|    0     |         0         |         5         | 2.500000000000000 |        -24         | 2.406250000000000  | 2.406250000000000 |
|    1     |         0         | 2.500000000000000 | 1.250000000000000 |        -24         | -4.034179687500000 | 4.034179687500000 |
|    2     | 1.250000000000000 | 2.500000000000000 | 1.875000000000000 | -4.034179687500000 | -0.027374267578125 | 0.027374267578125 |
|    3     | 1.875000000000000 | 2.500000000000000 | 2.187500000000000 | -0.027374267578125 | 0.108996391296387  | 0.108996391296387 |
|    4     | 1.875000000000000 | 2.187500000000000 | 2.031250000000000 | -0.027374267578125 | 0.000465422868729  | 0.000465422868729 |
|    5     | 1.875000000000000 | 2.031250000000000 | 1.953125000000000 | -0.027374267578125 | -0.001506554894149 | 0.001506554894149 |
|    6     | 1.953125000000000 | 2.031250000000000 | 1.992187500000000 | -0.001506554894149 | -0.000007122784154 | 0.000007122784154 |
|    7     | 1.992187500000000 | 2.031250000000000 | 2.011718750000000 | -0.000007122784154 | 0.000024290976398  | 0.000024290976398 |
|    8     | 1.992187500000000 | 2.011718750000000 | 2.001953125000000 | -0.000007122784154 | 0.000000111875153  | 0.000000111875153 |
|    9     | 1.992187500000000 | 2.001953125000000 | 1.997070312500000 | -0.000007122784154 | -0.000000376596503 | 0.000000376596503 |
|    10    | 1.997070312500000 | 2.001953125000000 | 1.999511718750000 | -0.000000376596503 | -0.000000001745775 | 0.000000001745775 |
|    11    | 1.999511718750000 | 2.001953125000000 | 2.000732421875000 | -0.000000001745775 | 0.000000005895828  | 0.000000005895828 |
|    12    | 1.999511718750000 | 2.000732421875000 | 2.000122070312500 | -0.000000001745775 | 0.000000000027285  | 0.000000000027285 |
+----------+-------------------+-------------------+-------------------+--------------------+--------------------+-------------------+
Raiz convergente encontrada foi: 2.00012

O tempo de execução foi de 0.000576 segundos.
