Método da Falsa Posição da função f(x)=x^5-2x^4-9x^3+22x^2+4x-24
I=[0,5], Precisão=1e-10 e Número Máximo de Iterações=500.
+----------+-------------------+---+-------------------+---------------------+------+---------------------+--------------------+
| Iteração |         a         | b |         x         |         f(a)        | f(b) |         f(x)        |       |f(x)|       |
+----------+-------------------+---+-------------------+---------------------+------+---------------------+--------------------+
|    0     |         0         | 5 | 0.090909090909091 |         -24         | 1296 | -23.461437681231413 | 23.461437681231413 |
|    1     | 0.090909090909091 | 5 | 0.178197985564124 | -23.461437681231413 | 1296 | -22.641372912676662 | 22.641372912676662 |
|    2     | 0.178197985564124 | 5 | 0.260989425118909 | -22.641372912676662 | 1296 | -21.625567038499533 | 21.625567038499533 |
|    3     | 0.260989425118909 | 5 | 0.338768570763140 | -21.625567038499533 | 1296 | -20.491900665757669 | 20.491900665757669 |
|    4     | 0.338768570763140 | 5 | 0.411323131394865 | -20.491900665757669 | 1296 | -19.304387884611337 | 19.304387884611337 |
|    5     | 0.411323131394865 | 5 | 0.478669974425749 | -19.304387884611337 | 1296 | -18.111515555723013 | 18.111515555723013 |
|    6     | 0.478669974425749 | 5 | 0.540984426526198 | -18.111515555723013 | 1296 | -16.947359770691122 | 16.947359770691122 |
|    7     | 0.540984426526198 | 5 | 0.598540840029305 | -16.947359770691122 | 1296 | -15.834031753633996 | 15.834031753633996 |
|    8     | 0.598540840029305 | 5 | 0.651667106320884 | -15.834031753633996 | 1296 | -14.784447111734163 | 14.784447111734163 |
|    9     | 0.651667106320884 | 5 | 0.700712315723901 | -14.784447111734163 | 1296 | -13.804864482854825 | 13.804864482854825 |
|    10    | 0.700712315723901 | 5 | 0.746025236345609 | -13.804864482854825 | 1296 | -12.896967471309893 | 12.896967471309893 |
|    11    | 0.746025236345609 | 5 | 0.787940968075522 | -12.896967471309893 | 1296 | -12.059455365459170 | 12.059455365459170 |
|    12    | 0.787940968075522 | 5 | 0.826773406221830 | -12.059455365459170 | 1296 | -11.289198875441308 | 11.289198875441308 |
|    13    | 0.826773406221830 | 5 | 0.862811633272102 | -11.289198875441308 | 1296 | -10.582047263227777 | 10.582047263227777 |
|    14    | 0.862811633272102 | 5 | 0.896318846175641 | -10.582047263227777 | 1296 |  -9.933372699836546 | 9.933372699836546  |
|    15    | 0.896318846175641 | 5 | 0.927532838554104 |  -9.933372699836546 | 1296 |  -9.338424672770518 | 9.338424672770518  |
|    16    | 0.927532838554104 | 5 | 0.956667373400136 |  -9.338424672770518 | 1296 |  -8.792551305094591 | 8.792551305094591  |
|    17    | 0.956667373400136 | 5 | 0.983914010827199 |  -8.792551305094591 | 1296 |  -8.291329781885738 | 8.291329781885738  |
|    18    | 0.983914010827199 | 5 | 1.009444114883178 |  -8.291329781885738 | 1296 |  -7.830636143634468 | 7.830636143634468  |
|    19    | 1.009444114883178 | 5 | 1.033410871209455 |  -7.830636143634468 | 1296 |  -7.406675615204222 | 7.406675615204222  |
|    20    | 1.033410871209455 | 5 | 1.055951218382282 |  -7.406675615204222 | 1296 |  -7.015987994066101 | 7.015987994066101  |
|    21    | 1.055951218382282 | 5 | 1.077187641538102 |  -7.015987994066101 | 1296 |  -6.655437896610174 | 6.655437896610174  |
|    22    | 1.077187641538102 | 5 | 1.097229805622532 |  -6.655437896610174 | 1296 |  -6.322196367031630 | 6.322196367031630  |
|    23    | 1.097229805622532 | 5 | 1.116176023089364 |  -6.322196367031630 | 1296 |  -6.013718090570343 | 6.013718090570343  |
|    24    | 1.116176023089364 | 5 | 1.134114561052536 |  -6.013718090570343 | 1296 |  -5.727716917819990 | 5.727716917819990  |
|    25    | 1.134114561052536 | 5 | 1.151124798403433 |  -5.727716917819990 | 1296 |  -5.462141377119700 | 5.462141377119700  |
|    26    | 1.151124798403433 | 5 | 1.167278245995666 |  -5.462141377119700 | 1296 |  -5.215151169273632 | 5.215151169273632  |
|    27    | 1.167278245995666 | 5 | 1.182639443810596 |  -5.215151169273632 | 1296 |  -4.985095192063582 | 4.985095192063582  |
|    28    | 1.182639443810596 | 5 | 1.197266748785388 |  -4.985095192063582 | 1296 |  -4.770491354471332 | 4.770491354471332  |
|    29    | 1.197266748785388 | 5 | 1.211213026179327 |  -4.770491354471332 | 1296 |  -4.570008259584270 | 4.570008259584270  |
|    30    | 1.211213026179327 | 5 | 1.224526256266292 |  -4.570008259584270 | 1296 |  -4.382448724982297 | 4.382448724982297  |
|    31    | 1.224526256266292 | 5 | 1.237250066950336 |  -4.382448724982297 | 1296 |  -4.206735045733829 | 4.206735045733829  |
|    32    | 1.237250066950336 | 5 | 1.249424201712940 |  -4.206735045733829 | 1296 |  -4.041895871624554 | 4.041895871624554  |
|    33    | 1.249424201712940 | 5 | 1.261084931173623 |  -4.041895871624554 | 1296 |  -3.887054555961605 | 3.887054555961605  |
|    34    | 1.261084931173623 | 5 | 1.272265415510086 |  -3.887054555961605 | 1296 |  -3.741418830956896 | 3.741418830956896  |
|    35    | 1.272265415510086 | 5 | 1.282996024052026 |  -3.741418830956896 | 1296 |  -3.604271669488440 | 3.604271669488440  |
|    36    | 1.282996024052026 | 5 | 1.293304617535390 |  -3.604271669488440 | 1296 |  -3.474963201828139 | 3.474963201828139  |
|    37    | 1.293304617535390 | 5 | 1.303216797776796 |  -3.474963201828139 | 1296 |  -3.352903566683736 | 3.352903566683736  |
|    38    | 1.303216797776796 | 5 | 1.312756128893052 |  -3.352903566683736 | 1296 |  -3.237556587357535 | 3.237556587357535  |
|    39    | 1.312756128893052 | 5 | 1.321944333639420 |  -3.237556587357535 | 1296 |  -3.128434175189959 | 3.128434175189959  |
|    40    | 1.321944333639420 | 5 | 1.330801467962863 |  -3.128434175189959 | 1296 |  -3.025091373279199 | 3.025091373279199  |
|    41    | 1.330801467962863 | 5 | 1.339346076454128 |  -3.025091373279199 | 1296 |  -2.927121963501325 | 2.927121963501325  |
|    42    | 1.339346076454128 | 5 | 1.347595331026772 |  -2.927121963501325 | 1296 |  -2.834154568991543 | 2.834154568991543  |
|    43    | 1.347595331026772 | 5 | 1.355565154844510 |  -2.834154568991543 | 1296 |  -2.745849192459701 | 2.745849192459701  |
|    44    | 1.355565154844510 | 5 | 1.363270333253946 |  -2.745849192459701 | 1296 |  -2.661894138029183 | 2.661894138029183  |
|    45    | 1.363270333253946 | 5 | 1.370724613251847 |  -2.661894138029183 | 1296 |  -2.582003270761682 | 2.582003270761682  |
|    46    | 1.370724613251847 | 5 | 1.377940792819619 |  -2.582003270761682 | 1296 |  -2.505913573730183 | 2.505913573730183  |
|    47    | 1.377940792819619 | 5 | 1.384930801288003 |  -2.505913573730183 | 1296 |  -2.433382967504038 | 2.433382967504038  |
|    48    | 1.384930801288003 | 5 | 1.391705771748474 |  -2.433382967504038 | 1296 |  -2.364188361286988 | 2.364188361286988  |
|    49    | 1.391705771748474 | 5 | 1.398276106401110 |  -2.364188361286988 | 1296 |  -2.298123908773171 | 2.298123908773171  |
|    50    | 1.398276106401110 | 5 | 1.404651535618984 |  -2.298123908773171 | 1296 |  -2.234999445122753 | 2.234999445122753  |
|    51    | 1.404651535618984 | 5 | 1.410841171414005 |  -2.234999445122753 | 1296 |  -2.174639084369051 | 2.174639084369051  |
|    52    | 1.410841171414005 | 5 | 1.416853555906554 |  -2.174639084369051 | 1296 |  -2.116879959105347 | 2.116879959105347  |
|    53    | 1.416853555906554 | 5 | 1.422696705329493 |  -2.116879959105347 | 1296 |  -2.061571086511002 | 2.061571086511002  |
|    54    | 1.422696705329493 | 5 | 1.428378150034616 |  -2.061571086511002 | 1296 |  -2.008572346704600 | 2.008572346704600  |
|    55    | 1.428378150034616 | 5 | 1.433904970915126 |  -2.008572346704600 | 1296 |  -1.957753561093543 | 1.957753561093543  |
|    56    | 1.433904970915126 | 5 | 1.439283832610150 |  -1.957753561093543 | 1296 |  -1.908993659857853 | 1.908993659857853  |
|    57    | 1.439283832610150 | 5 | 1.444521013815693 |  -1.908993659857853 | 1296 |  -1.862179928987896 | 1.862179928987896  |
|    58    | 1.444521013815693 | 5 | 1.449622434989991 |  -1.862179928987896 | 1296 |  -1.817207328416742 | 1.817207328416742  |
|    59    | 1.449622434989991 | 5 | 1.454593683709265 |  -1.817207328416742 | 1296 |  -1.773977873768889 | 1.773977873768889  |
|    60    | 1.454593683709265 | 5 | 1.459440037901791 |  -1.773977873768889 | 1296 |  -1.732400075105577 | 1.732400075105577  |
|    61    | 1.459440037901791 | 5 | 1.464166487163518 |  -1.732400075105577 | 1296 |  -1.692388426800861 | 1.692388426800861  |
|    62    | 1.464166487163518 | 5 | 1.468777752336672 |  -1.692388426800861 | 1296 |  -1.653862943342610 | 1.653862943342610  |
|    63    | 1.468777752336672 | 5 | 1.473278303513602 |  -1.653862943342610 | 1296 |  -1.616748736434584 | 1.616748736434584  |
|    64    | 1.473278303513602 | 5 | 1.477672376611150 |  -1.616748736434584 | 1296 |  -1.580975629285575 | 1.580975629285575  |
|    65    | 1.477672376611150 | 5 | 1.481963988645795 |  -1.580975629285575 | 1296 |  -1.546477804422530 | 1.546477804422530  |
|    66    | 1.481963988645795 | 5 | 1.486156951826524 |  -1.546477804422530 | 1296 |  -1.513193481760709 | 1.513193481760709  |
|    67    | 1.486156951826524 | 5 | 1.490254886570570 |  -1.513193481760709 | 1296 |  -1.481064624014500 | 1.481064624014500  |
|    68    | 1.490254886570570 | 5 | 1.494261233536654 |  -1.481064624014500 | 1296 |  -1.450036666842021 | 1.450036666842021  |
|    69    | 1.494261233536654 | 5 | 1.498179264761040 |  -1.450036666842021 | 1296 |  -1.420058271390552 | 1.420058271390552  |
|    70    | 1.498179264761040 | 5 | 1.502012093973368 |  -1.420058271390552 | 1296 |  -1.391081097152572 | 1.391081097152572  |
|    71    | 1.502012093973368 | 5 | 1.505762686161829 |  -1.391081097152572 | 1296 |  -1.363059593257326 | 1.363059593257326  |
|    72    | 1.505762686161829 | 5 | 1.509433866450589 |  -1.363059593257326 | 1296 |  -1.335950806514205 | 1.335950806514205  |
|    73    | 1.509433866450589 | 5 | 1.513028328346452 |  -1.335950806514205 | 1296 |  -1.309714204693865 | 1.309714204693865  |
|    74    | 1.513028328346452 | 5 | 1.516548641406413 |  -1.309714204693865 | 1296 |  -1.284311513684695 | 1.284311513684695  |
|    75    | 1.516548641406413 | 5 | 1.519997258373023 |  -1.284311513684695 | 1296 |  -1.259706567296526 | 1.259706567296526  |
|    76    | 1.519997258373023 | 5 | 1.523376521820153 |  -1.259706567296526 | 1296 |  -1.235865168604285 | 1.235865168604285  |
|    77    | 1.523376521820153 | 5 | 1.526688670347958 |  -1.235865168604285 | 1296 |  -1.212754961831248 | 1.212754961831248  |
|    78    | 1.526688670347958 | 5 | 1.529935844362327 |  -1.212754961831248 | 1296 |  -1.190345313867883 | 1.190345313867883  |
|    79    | 1.529935844362327 | 5 | 1.533120091471015 |  -1.190345313867883 | 1296 |  -1.168607204608026 | 1.168607204608026  |
|    80    | 1.533120091471015 | 5 | 1.536243371525833 |  -1.168607204608026 | 1296 |  -1.147513125361392 | 1.147513125361392  |
|    81    | 1.536243371525833 | 5 | 1.539307561337719 |  -1.147513125361392 | 1296 |  -1.127036984670362 | 1.127036984670362  |
|    82    | 1.539307561337719 | 5 | 1.542314459089236 |  -1.127036984670362 | 1296 |  -1.107154020920962 | 1.107154020920962  |
|    83    | 1.542314459089236 | 5 | 1.545265788466946 |  -1.107154020920962 | 1296 |  -1.087840721194198 | 1.087840721194198  |
|    84    | 1.545265788466946 | 5 | 1.548163202534230 |  -1.087840721194198 | 1296 |  -1.069074745853314 | 1.069074745853314  |
|    85    | 1.548163202534230 | 5 | 1.551008287363425 |  -1.069074745853314 | 1296 |  -1.050834858408685 | 1.050834858408685  |
|    86    | 1.551008287363425 | 5 | 1.553802565444589 |  -1.050834858408685 | 1296 |  -1.033100860242062 | 1.033100860242062  |
|    87    | 1.553802565444589 | 5 | 1.556547498886798 |  -1.033100860242062 | 1296 |  -1.015853529809100 | 1.015853529809100  |
|    88    | 1.556547498886798 | 5 | 1.559244492426597 |  -1.015853529809100 | 1296 |  -0.999074565972336 | 0.999074565972336  |
|    89    | 1.559244492426597 | 5 | 1.561894896257067 |  -0.999074565972336 | 1296 |  -0.982746535146603 | 0.982746535146603  |
|    90    | 1.561894896257067 | 5 | 1.564500008689903 |  -0.982746535146603 | 1296 |  -0.966852821966381 | 0.966852821966381  |
|    91    | 1.564500008689903 | 5 | 1.567061078661920 |  -0.966852821966381 | 1296 |  -0.951377583209116 | 0.951377583209116  |
|    92    | 1.567061078661920 | 5 | 1.569579308096530 |  -0.951377583209116 | 1296 |  -0.936305704730731 | 0.936305704730731  |
|    93    | 1.569579308096530 | 5 | 1.572055854129922 |  -0.936305704730731 | 1296 |  -0.921622761190331 | 0.921622761190331  |
|    94    | 1.572055854129922 | 5 | 1.574491831210940 |  -0.921622761190331 | 1296 |  -0.907314978358919 | 0.907314978358919  |
|    95    | 1.574491831210940 | 5 | 1.576888313082958 |  -0.907314978358919 | 1296 |  -0.893369197824189 | 0.893369197824189  |
|    96    | 1.576888313082958 | 5 | 1.579246334655461 |  -0.893369197824189 | 1296 |  -0.879772843918627 | 0.879772843918627  |
|    97    | 1.579246334655461 | 5 | 1.581566893772445 |  -0.879772843918627 | 1296 |  -0.866513892711787 | 0.866513892711787  |
|    98    | 1.581566893772445 | 5 | 1.583850952884250 |  -0.866513892711787 | 1296 |  -0.853580842920575 | 0.853580842920575  |
|    99    | 1.583850952884250 | 5 | 1.586099440628938 |  -0.853580842920575 | 1296 |  -0.840962688602925 | 0.840962688602925  |
|   100    | 1.586099440628938 | 5 | 1.588313253328900 |  -0.840962688602925 | 1296 |  -0.828648893510525 | 0.828648893510525  |
|   101    | 1.588313253328900 | 5 | 1.590493256407985 |  -0.828648893510525 | 1296 |  -0.816629366986298 | 0.816629366986298  |
|   102    | 1.590493256407985 | 5 | 1.592640285734031 |  -0.816629366986298 | 1296 |  -0.804894441300590 | 0.804894441300590  |
|   103    | 1.592640285734031 | 5 | 1.594755148891380 |  -0.804894441300590 | 1296 |  -0.793434850328950 | 0.793434850328950  |
|   104    | 1.594755148891380 | 5 | 1.596838626387613 |  -0.793434850328950 | 1296 |  -0.782241709480889 | 0.782241709480889  |
|   105    | 1.596838626387613 | 5 | 1.598891472798453 |  -0.782241709480889 | 1296 |  -0.771306496796264 | 0.771306496796264  |
|   106    | 1.598891472798453 | 5 | 1.600914417854529 |  -0.771306496796264 | 1296 |  -0.760621035132147 | 0.760621035132147  |
|   107    | 1.600914417854529 | 5 | 1.602908167473430 |  -0.760621035132147 | 1296 |  -0.750177475368517 | 0.750177475368517  |
|   108    | 1.602908167473430 | 5 | 1.604873404740242 |  -0.750177475368517 | 1296 |  -0.739968280566664 | 0.739968280566664  |
|   109    | 1.604873404740242 | 5 | 1.606810790839579 |  -0.739968280566664 | 1296 |  -0.729986211018641 | 0.729986211018641  |
|   110    | 1.606810790839579 | 5 | 1.608720965941877 |  -0.729986211018641 | 1296 |  -0.720224310130892 | 0.720224310130892  |
|   111    | 1.608720965941877 | 5 | 1.610604550046586 |  -0.720224310130892 | 1296 |  -0.710675891089004 | 0.710675891089004  |
|   112    | 1.610604550046586 | 5 | 1.612462143784675 |  -0.710675891089004 | 1296 |  -0.701334524254491 | 0.701334524254491  |
|   113    | 1.612462143784675 | 5 | 1.614294329182753 |  -0.701334524254491 | 1296 |  -0.692194025247709 | 0.692194025247709  |
|   114    | 1.614294329182753 | 5 | 1.616101670390933 |  -0.692194025247709 | 1296 |  -0.683248443674557 | 0.683248443674557  |
|   115    | 1.616101670390933 | 5 | 1.617884714376450 |  -0.683248443674557 | 1296 |  -0.674492052457254 | 0.674492052457254  |
|   116    | 1.617884714376450 | 5 | 1.619643991584900 |  -0.674492052457254 | 1296 |  -0.665919337732372 | 0.665919337732372  |
|   117    | 1.619643991584900 | 5 | 1.621380016570868 |  -0.665919337732372 | 1296 |  -0.657524989281789 | 0.657524989281789  |
|   118    | 1.621380016570868 | 5 | 1.623093288599587 |  -0.657524989281789 | 1296 |  -0.649303891464509 | 0.649303891464509  |
|   119    | 1.623093288599587 | 5 | 1.624784292221186 |  -0.649303891464509 | 1296 |  -0.641251114619493 | 0.641251114619493  |
|   120    | 1.624784292221186 | 5 | 1.626453497818983 |  -0.641251114619493 | 1296 |  -0.633361906911631 | 0.633361906911631  |
|   121    | 1.626453497818983 | 5 | 1.628101362133174 |  -0.633361906911631 | 1296 |  -0.625631686594851 | 0.625631686594851  |
|   122    | 1.628101362133174 | 5 | 1.629728328761229 |  -0.625631686594851 | 1296 |  -0.618056034668058 | 0.618056034668058  |
|   123    | 1.629728328761229 | 5 | 1.631334828636181 |  -0.618056034668058 | 1296 |  -0.610630687901050 | 0.610630687901050  |
|   124    | 1.631334828636181 | 5 | 1.632921280483956 |  -0.610630687901050 | 1296 |  -0.603351532209274 | 0.603351532209274  |
|   125    | 1.632921280483956 | 5 | 1.634488091260813 |  -0.603351532209274 | 1296 |  -0.596214596357683 | 0.596214596357683  |
|   126    | 1.634488091260813 | 5 | 1.636035656571907 |  -0.596214596357683 | 1296 |  -0.589216045974588 | 0.589216045974588  |
|   127    | 1.636035656571907 | 5 | 1.637564361071918 |  -0.589216045974588 | 1296 |  -0.582352177858620 | 0.582352177858620  |
|   128    | 1.637564361071918 | 5 | 1.639074578848637 |  -0.582352177858620 | 1296 |  -0.575619414562215 | 0.575619414562215  |
|   129    | 1.639074578848637 | 5 | 1.640566673790376 |  -0.575619414562215 | 1296 |  -0.569014299236116 | 0.569014299236116  |
|   130    | 1.640566673790376 | 5 | 1.642040999937971 |  -0.569014299236116 | 1296 |  -0.562533490720956 | 0.562533490720956  |
|   131    | 1.642040999937971 | 5 | 1.643497901822154 |  -0.562533490720956 | 1296 |  -0.556173758872031 | 0.556173758872031  |
|   132    | 1.643497901822154 | 5 | 1.644937714786981 |  -0.556173758872031 | 1296 |  -0.549931980104855 | 0.549931980104855  |
|   133    | 1.644937714786981 | 5 | 1.646360765300018 |  -0.549931980104855 | 1296 |  -0.543805133149576 | 0.543805133149576  |
|   134    | 1.646360765300018 | 5 | 1.647767371249884 |  -0.543805133149576 | 1296 |  -0.537790295002814 | 0.537790295002814  |
|   135    | 1.647767371249884 | 5 | 1.649157842231777 |  -0.537790295002814 | 1296 |  -0.531884637067019 | 0.531884637067019  |
|   136    | 1.649157842231777 | 5 | 1.650532479821544 |  -0.531884637067019 | 1296 |  -0.526085421466746 | 0.526085421466746  |
|   137    | 1.650532479821544 | 5 | 1.651891577838820 |  -0.526085421466746 | 1296 |  -0.520389997533087 | 0.520389997533087  |
|   138    | 1.651891577838820 | 5 | 1.653235422599759 |  -0.520389997533087 | 1296 |  -0.514795798447338 | 0.514795798447338  |
|   139    | 1.653235422599759 | 5 | 1.654564293159834 |  -0.514795798447338 | 1296 |  -0.509300338035619 | 0.509300338035619  |
|   140    | 1.654564293159834 | 5 | 1.655878461547153 |  -0.509300338035619 | 1296 |  -0.503901207706793 | 0.503901207706793  |
|   141    | 1.655878461547153 | 5 | 1.657178192986739 |  -0.503901207706793 | 1296 |  -0.498596073526219 | 0.498596073526219  |
|   142    | 1.657178192986739 | 5 | 1.658463746116161 |  -0.498596073526219 | 1296 |  -0.493382673418726 | 0.493382673418726  |
|   143    | 1.658463746116161 | 5 | 1.659735373192936 |  -0.493382673418726 | 1296 |  -0.488258814493939 | 0.488258814493939  |
|   144    | 1.659735373192936 | 5 | 1.660993320294032 |  -0.488258814493939 | 1296 |  -0.483222370488207 | 0.483222370488207  |
|   145    | 1.660993320294032 | 5 | 1.662237827507857 |  -0.483222370488207 | 1296 |  -0.478271279317021 | 0.478271279317021  |
|   146    | 1.662237827507857 | 5 | 1.663469129119044 |  -0.478271279317021 | 1296 |  -0.473403540732583 | 0.473403540732583  |
|   147    | 1.663469129119044 | 5 | 1.664687453786349 |  -0.473403540732583 | 1296 |  -0.468617214081544 | 0.468617214081544  |
|   148    | 1.664687453786349 | 5 | 1.665893024713979 |  -0.468617214081544 | 1296 |  -0.463910416157724 | 0.463910416157724  |
|   149    | 1.665893024713979 | 5 | 1.667086059816609 |  -0.463910416157724 | 1296 |  -0.459281319145351 | 0.459281319145351  |
|   150    | 1.667086059816609 | 5 | 1.668266771878377 |  -0.459281319145351 | 1296 |  -0.454728148648492 | 0.454728148648492  |
|   151    | 1.668266771878377 | 5 | 1.669435368706111 |  -0.454728148648492 | 1296 |  -0.450249181802512 | 0.450249181802512  |
|   152    | 1.669435368706111 | 5 | 1.670592053277020 |  -0.450249181802512 | 1296 |  -0.445842745463676 | 0.445842745463676  |
|   153    | 1.670592053277020 | 5 | 1.671737023881108 |  -0.445842745463676 | 1296 |  -0.441507214473116 | 0.441507214473116  |
|   154    | 1.671737023881108 | 5 | 1.672870474258501 |  -0.441507214473116 | 1296 |  -0.437241009991837 | 0.437241009991837  |
|   155    | 1.672870474258501 | 5 | 1.673992593731924 |  -0.437241009991837 | 1296 |  -0.433042597903217 | 0.433042597903217  |
|   156    | 1.673992593731924 | 5 | 1.675103567334517 |  -0.433042597903217 | 1296 |  -0.428910487280142 | 0.428910487280142  |
|   157    | 1.675103567334517 | 5 | 1.676203575933180 |  -0.428910487280142 | 1296 |  -0.424843228913552 | 0.424843228913552  |
|   158    | 1.676203575933180 | 5 | 1.677292796347635 |  -0.424843228913552 | 1296 |  -0.420839413899625 | 0.420839413899625  |
|   159    | 1.677292796347635 | 5 | 1.678371401465382 |  -0.420839413899625 | 1296 |  -0.416897672283156 | 0.416897672283156  |
|   160    | 1.678371401465382 | 5 | 1.679439560352700 |  -0.416897672283156 | 1296 |  -0.413016671754196 | 0.413016671754196  |
|   161    | 1.679439560352700 | 5 | 1.680497438361873 |  -0.413016671754196 | 1296 |  -0.409195116395875 | 0.409195116395875  |
|   162    | 1.680497438361873 | 5 | 1.681545197234768 |  -0.409195116395875 | 1296 |  -0.405431745480985 | 0.405431745480985  |
|   163    | 1.681545197234768 | 5 | 1.682582995202934 |  -0.405431745480985 | 1296 |  -0.401725332315149 | 0.401725332315149  |
|   164    | 1.682582995202934 | 5 | 1.683610987084339 |  -0.401725332315149 | 1296 |  -0.398074683124516 | 0.398074683124516  |
|   165    | 1.683610987084339 | 5 | 1.684629324376884 |  -0.398074683124516 | 1296 |  -0.394478635986054 | 0.394478635986054  |
|   166    | 1.684629324376884 | 5 | 1.685638155348830 |  -0.394478635986054 | 1296 |  -0.390936059798527 | 0.390936059798527  |
|   167    | 1.685638155348830 | 5 | 1.686637625126236 |  -0.390936059798527 | 1296 |  -0.387445853292455 | 0.387445853292455  |
|   168    | 1.686637625126236 | 5 | 1.687627875777541 |  -0.387445853292455 | 1296 |  -0.384006944077328 | 0.384006944077328  |
|   169    | 1.687627875777541 | 5 | 1.688609046395395 |  -0.384006944077328 | 1296 |  -0.380618287724364 | 0.380618287724364  |
|   170    | 1.688609046395395 | 5 | 1.689581273175838 |  -0.380618287724364 | 1296 |  -0.377278866883557 | 0.377278866883557  |
|   171    | 1.689581273175838 | 5 | 1.690544689494935 |  -0.377278866883557 | 1296 |  -0.373987690433260 | 0.373987690433260  |
|   172    | 1.690544689494935 | 5 | 1.691499425982954 |  -0.373987690433260 | 1296 |  -0.370743792661145 | 0.370743792661145  |
|   173    | 1.691499425982954 | 5 | 1.692445610596196 |  -0.370743792661145 | 1296 |  -0.367546232475100 | 0.367546232475100  |
|   174    | 1.692445610596196 | 5 | 1.693383368686534 |  -0.367546232475100 | 1296 |  -0.364394092642758 | 0.364394092642758  |
|   175    | 1.693383368686534 | 5 | 1.694312823068786 |  -0.364394092642758 | 1296 |  -0.361286479058769 | 0.361286479058769  |
|   176    | 1.694312823068786 | 5 | 1.695234094085963 |  -0.361286479058769 | 1296 |  -0.358222520038225 | 0.358222520038225  |
|   177    | 1.695234094085963 | 5 | 1.696147299672496 |  -0.358222520038225 | 1296 |  -0.355201365635434 | 0.355201365635434  |
|   178    | 1.696147299672496 | 5 | 1.697052555415504 |  -0.355201365635434 | 1296 |  -0.352222186987074 | 0.352222186987074  |
|   179    | 1.697052555415504 | 5 | 1.697949974614179 |  -0.352222186987074 | 1296 |  -0.349284175678470 | 0.349284175678470  |
|   180    | 1.697949974614179 | 5 | 1.698839668337348 |  -0.349284175678470 | 1296 |  -0.346386543132269 | 0.346386543132269  |
|   181    | 1.698839668337348 | 5 | 1.699721745479291 |  -0.346386543132269 | 1296 |  -0.343528520018474 | 0.343528520018474  |
|   182    | 1.699721745479291 | 5 | 1.700596312813861 |  -0.343528520018474 | 1296 |  -0.340709355685178 | 0.340709355685178  |
|   183    | 1.700596312813861 | 5 | 1.701463475046979 |  -0.340709355685178 | 1296 |  -0.337928317608871 | 0.337928317608871  |
|   184    | 1.701463475046979 | 5 | 1.702323334867554 |  -0.337928317608871 | 1296 |  -0.335184690863848 | 0.335184690863848  |
|   185    | 1.702323334867554 | 5 | 1.703175992996891 |  -0.335184690863848 | 1296 |  -0.332477777609736 | 0.332477777609736  |
|   186    | 1.703175992996891 | 5 | 1.704021548236622 |  -0.332477777609736 | 1296 |  -0.329806896596551 | 0.329806896596551  |
|   187    | 1.704021548236622 | 5 | 1.704860097515241 |  -0.329806896596551 | 1296 |  -0.327171382686636 | 0.327171382686636  |
|   188    | 1.704860097515241 | 5 | 1.705691735933258 |  -0.327171382686636 | 1296 |  -0.324570586392529 | 0.324570586392529  |
|   189    | 1.705691735933258 | 5 | 1.706516556807047 |  -0.324570586392529 | 1296 |  -0.322003873430766 | 0.322003873430766  |
|   190    | 1.706516556807047 | 5 | 1.707334651711415 |  -0.322003873430766 | 1296 |  -0.319470624290105 | 0.319470624290105  |
|   191    | 1.707334651711415 | 5 | 1.708146110520939 |  -0.319470624290105 | 1296 |  -0.316970233814608 | 0.316970233814608  |
|   192    | 1.708146110520939 | 5 | 1.708951021450126 |  -0.316970233814608 | 1296 |  -0.314502110800198 | 0.314502110800198  |
|   193    | 1.708951021450126 | 5 | 1.709749471092412 |  -0.314502110800198 | 1296 |  -0.312065677604636 | 0.312065677604636  |
|   194    | 1.709749471092412 | 5 | 1.710541544458061 |  -0.312065677604636 | 1296 |  -0.309660369770295 | 0.309660369770295  |
|   195    | 1.710541544458061 | 5 | 1.711327325010986 |  -0.309660369770295 | 1296 |  -0.307285635659198 | 0.307285635659198  |
|   196    | 1.711327325010986 | 5 | 1.712106894704536 |  -0.307285635659198 | 1296 |  -0.304940936099943 | 0.304940936099943  |
|   197    | 1.712106894704536 | 5 | 1.712880334016278 |  -0.304940936099943 | 1296 |  -0.302625744046026 | 0.302625744046026  |
|   198    | 1.712880334016278 | 5 | 1.713647721981812 |  -0.302625744046026 | 1296 |  -0.300339544245141 | 0.300339544245141  |
|   199    | 1.713647721981812 | 5 | 1.714409136227647 |  -0.300339544245141 | 1296 |  -0.298081832919042 | 0.298081832919042  |
|   200    | 1.714409136227647 | 5 | 1.715164653003164 |  -0.298081832919042 | 1296 |  -0.295852117453677 | 0.295852117453677  |
|   201    | 1.715164653003164 | 5 | 1.715914347211711 |  -0.295852117453677 | 1296 |  -0.293649916098982 | 0.293649916098982  |
|   202    | 1.715914347211711 | 5 | 1.716658292440838 |  -0.293649916098982 | 1296 |  -0.291474757678387 | 0.291474757678387  |
|   203    | 1.716658292440838 | 5 | 1.717396560991717 |  -0.291474757678387 | 1296 |  -0.289326181307224 | 0.289326181307224  |
|   204    | 1.717396560991717 | 5 | 1.718129223907760 |  -0.289326181307224 | 1296 |  -0.287203736119928 | 0.287203736119928  |
|   205    | 1.718129223907760 | 5 | 1.718856351002465 |  -0.287203736119928 | 1296 |  -0.285106981006038 | 0.285106981006038  |
|   206    | 1.718856351002465 | 5 | 1.719578010886526 |  -0.285106981006038 | 1296 |  -0.283035484353825 | 0.283035484353825  |
|   207    | 1.719578010886526 | 5 | 1.720294270994200 |  -0.283035484353825 | 1296 |  -0.280988823802396 | 0.280988823802396  |
|   208    | 1.720294270994200 | 5 | 1.721005197608998 |  -0.280988823802396 | 1296 |  -0.278966586000966 | 0.278966586000966  |
|   209    | 1.721005197608998 | 5 | 1.721710855888672 |  -0.278966586000966 | 1296 |  -0.276968366375684 | 0.276968366375684  |
|   210    | 1.721710855888672 | 5 | 1.722411309889560 |  -0.276968366375684 | 1296 |  -0.274993768903521 | 0.274993768903521  |
|   211    | 1.722411309889560 | 5 | 1.723106622590292 |  -0.274993768903521 | 1296 |  -0.273042405892898 | 0.273042405892898  |
|   212    | 1.723106622590292 | 5 | 1.723796855914872 |  -0.273042405892898 | 1296 |  -0.271113897771095 | 0.271113897771095  |
|   213    | 1.723796855914872 | 5 | 1.724482070755162 |  -0.271113897771095 | 1296 |  -0.269207872877850 | 0.269207872877850  |
|   214    | 1.724482070755162 | 5 | 1.725162326992794 |  -0.269207872877850 | 1296 |  -0.267323967265174 | 0.267323967265174  |
|   215    | 1.725162326992794 | 5 | 1.725837683520503 |  -0.267323967265174 | 1296 |  -0.265461824503195 | 0.265461824503195  |
|   216    | 1.725837683520503 | 5 | 1.726508198262930 |  -0.265461824503195 | 1296 |  -0.263621095491644 | 0.263621095491644  |
|   217    | 1.726508198262930 | 5 | 1.727173928196883 |  -0.263621095491644 | 1296 |  -0.261801438276937 | 0.261801438276937  |
|   218    | 1.727173928196883 | 5 | 1.727834929371088 |  -0.261801438276937 | 1296 |  -0.260002517874504 | 0.260002517874504  |
|   219    | 1.727834929371088 | 5 | 1.728491256925446 |  -0.260002517874504 | 1296 |  -0.258224006096540 | 0.258224006096540  |
|   220    | 1.728491256925446 | 5 | 1.729142965109797 |  -0.258224006096540 | 1296 |  -0.256465581384514 | 0.256465581384514  |
|   221    | 1.729142965109797 | 5 | 1.729790107302220 |  -0.256465581384514 | 1296 |  -0.254726928646662 | 0.254726928646662  |
|   222    | 1.729790107302220 | 5 | 1.730432736026877 |  -0.254726928646662 | 1296 |  -0.253007739100077 | 0.253007739100077  |
|   223    | 1.730432736026877 | 5 | 1.731070902971413 |  -0.253007739100077 | 1296 |  -0.251307710117466 | 0.251307710117466  |
|   224    | 1.731070902971413 | 5 | 1.731704659003923 |  -0.251307710117466 | 1296 |  -0.249626545077991 | 0.249626545077991  |
|   225    | 1.731704659003923 | 5 | 1.732334054189511 |  -0.249626545077991 | 1296 |  -0.247963953222769 | 0.247963953222769  |
|   226    | 1.732334054189511 | 5 | 1.732959137806432 |  -0.247963953222769 | 1296 |  -0.246319649514064 | 0.246319649514064  |
|   227    | 1.732959137806432 | 5 | 1.733579958361850 |  -0.246319649514064 | 1296 |  -0.244693354498668 | 0.244693354498668  |
|   228    | 1.733579958361850 | 5 | 1.734196563607208 |  -0.244693354498668 | 1296 |  -0.243084794175054 | 0.243084794175054  |
|   229    | 1.734196563607208 | 5 | 1.734809000553229 |  -0.243084794175054 | 1296 |  -0.241493699864236 | 0.241493699864236  |
|   230    | 1.734809000553229 | 5 | 1.735417315484553 |  -0.241493699864236 | 1296 |  -0.239919808084242 | 0.239919808084242  |
|   231    | 1.735417315484553 | 5 | 1.736021553974029 |  -0.239919808084242 | 1296 |  -0.238362860428044 | 0.238362860428044  |
|   232    | 1.736021553974029 | 5 | 1.736621760896661 |  -0.238362860428044 | 1296 |  -0.236822603444914 | 0.236822603444914  |
|   233    | 1.736621760896661 | 5 | 1.737217980443224 |  -0.236822603444914 | 1296 |  -0.235298788524862 | 0.235298788524862  |
|   234    | 1.737217980443224 | 5 | 1.737810256133555 |  -0.235298788524862 | 1296 |  -0.233791171786493 | 0.233791171786493  |
|   235    | 1.737810256133555 | 5 | 1.738398630829542 |  -0.233791171786493 | 1296 |  -0.232299513967686 | 0.232299513967686  |
|   236    | 1.738398630829542 | 5 | 1.738983146747792 |  -0.232299513967686 | 1296 |  -0.230823580319473 | 0.230823580319473  |
|   237    | 1.738983146747792 | 5 | 1.739563845472013 |  -0.230823580319473 | 1296 |  -0.229363140502514 | 0.229363140502514  |
|   238    | 1.739563845472013 | 5 | 1.740140767965111 |  -0.229363140502514 | 1296 |  -0.227917968486512 | 0.227917968486512  |
|   239    | 1.740140767965111 | 5 | 1.740713954580997 |  -0.227917968486512 | 1296 |  -0.226487842452414 | 0.226487842452414  |
|   240    | 1.740713954580997 | 5 | 1.741283445076127 |  -0.226487842452414 | 1296 |  -0.225072544697046 | 0.225072544697046  |
|   241    | 1.741283445076127 | 5 | 1.741849278620778 |  -0.225072544697046 | 1296 |  -0.223671861540318 | 0.223671861540318  |
|   242    | 1.741849278620778 | 5 | 1.742411493810062 |  -0.223671861540318 | 1296 |  -0.222285583234957 | 0.222285583234957  |
|   243    | 1.742411493810062 | 5 | 1.742970128674693 |  -0.222285583234957 | 1296 |  -0.220913503878673 | 0.220913503878673  |
|   244    | 1.742970128674693 | 5 | 1.743525220691506 |  -0.220913503878673 | 1296 |  -0.219555421328344 | 0.219555421328344  |
|   245    | 1.743525220691506 | 5 | 1.744076806793741 |  -0.219555421328344 | 1296 |  -0.218211137116853 | 0.218211137116853  |
|   246    | 1.744076806793741 | 5 | 1.744624923381095 |  -0.218211137116853 | 1296 |  -0.216880456371729 | 0.216880456371729  |
|   247    | 1.744624923381095 | 5 | 1.745169606329546 |  -0.216880456371729 | 1296 |  -0.215563187736155 | 0.215563187736155  |
|   248    | 1.745169606329546 | 5 | 1.745710891000959 |  -0.215563187736155 | 1296 |  -0.214259143291869 | 0.214259143291869  |
|   249    | 1.745710891000959 | 5 | 1.746248812252480 |  -0.214259143291869 | 1296 |  -0.212968138484108 | 0.212968138484108  |
|   250    | 1.746248812252480 | 5 | 1.746783404445722 |  -0.212968138484108 | 1296 |  -0.211689992048484 | 0.211689992048484  |
|   251    | 1.746783404445722 | 5 | 1.747314701455741 |  -0.211689992048484 | 1296 |  -0.210424525939722 | 0.210424525939722  |
|   252    | 1.747314701455741 | 5 | 1.747842736679827 |  -0.210424525939722 | 1296 |  -0.209171565262139 | 0.209171565262139  |
|   253    | 1.747842736679827 | 5 | 1.748367543046091 |  -0.209171565262139 | 1296 |  -0.207930938202018 | 0.207930938202018  |
|   254    | 1.748367543046091 | 5 | 1.748889153021872 |  -0.207930938202018 | 1296 |  -0.206702475961610 | 0.206702475961610  |
|   255    | 1.748889153021872 | 5 | 1.749407598621954 |  -0.206702475961610 | 1296 |  -0.205486012694806 | 0.205486012694806  |
|   256    | 1.749407598621954 | 5 | 1.749922911416617 |  -0.205486012694806 | 1296 |  -0.204281385444379 | 0.204281385444379  |
|   257    | 1.749922911416617 | 5 | 1.750435122539503 |  -0.204281385444379 | 1296 |  -0.203088434080858 | 0.203088434080858  |
|   258    | 1.750435122539503 | 5 | 1.750944262695313 |  -0.203088434080858 | 1296 |  -0.201907001243015 | 0.201907001243015  |
|   259    | 1.750944262695313 | 5 | 1.751450362167353 |  -0.201907001243015 | 1296 |  -0.200736932279536 | 0.200736932279536  |
|   260    | 1.751450362167353 | 5 | 1.751953450824902 |  -0.200736932279536 | 1296 |  -0.199578075192420 | 0.199578075192420  |
|   261    | 1.751953450824902 | 5 | 1.752453558130431 |  -0.199578075192420 | 1296 |  -0.198430280581636 | 0.198430280581636  |
|   262    | 1.752453558130431 | 5 | 1.752950713146675 |  -0.198430280581636 | 1296 |  -0.197293401591136 | 0.197293401591136  |
|   263    | 1.752950713146675 | 5 | 1.753444944543546 |  -0.197293401591136 | 1296 |  -0.196167293856270 | 0.196167293856270  |
|   264    | 1.753444944543546 | 5 | 1.753936280604903 |  -0.196167293856270 | 1296 |  -0.195051815452338 | 0.195051815452338  |
|   265    | 1.753936280604903 | 5 | 1.754424749235187 |  -0.195051815452338 | 1296 |  -0.193946826844559 | 0.193946826844559  |
|   266    | 1.754424749235187 | 5 | 1.754910377965913 |  -0.193946826844559 | 1296 |  -0.192852190839108 | 0.192852190839108  |
|   267    | 1.754910377965913 | 5 | 1.755393193962021 |  -0.192852190839108 | 1296 |  -0.191767772535385 | 0.191767772535385  |
|   268    | 1.755393193962021 | 5 | 1.755873224028110 |  -0.191767772535385 | 1296 |  -0.190693439279435 | 0.190693439279435  |
|   269    | 1.755873224028110 | 5 | 1.756350494614529 |  -0.190693439279435 | 1296 |  -0.189629060618472 | 0.189629060618472  |
|   270    | 1.756350494614529 | 5 | 1.756825031823353 |  -0.189629060618472 | 1296 |  -0.188574508256526 | 0.188574508256526  |
|   271    | 1.756825031823353 | 5 | 1.757296861414233 |  -0.188574508256526 | 1296 |  -0.187529656010991 | 0.187529656010991  |
|   272    | 1.757296861414233 | 5 | 1.757766008810124 |  -0.187529656010991 | 1296 |  -0.186494379770409 | 0.186494379770409  |
|   273    | 1.757766008810124 | 5 | 1.758232499102902 |  -0.186494379770409 | 1296 |  -0.185468557453174 | 0.185468557453174  |
|   274    | 1.758232499102902 | 5 | 1.758696357058862 |  -0.185468557453174 | 1296 |  -0.184452068966994 | 0.184452068966994  |
|   275    | 1.758696357058862 | 5 | 1.759157607124111 |  -0.184452068966994 | 1296 |  -0.183444796169752 | 0.183444796169752  |
|   276    | 1.759157607124111 | 5 | 1.759616273429845 |  -0.183444796169752 | 1296 |  -0.182446622830781 | 0.182446622830781  |
|   277    | 1.759616273429845 | 5 | 1.760072379797532 |  -0.182446622830781 | 1296 |  -0.181457434593408 | 0.181457434593408  |
|   278    | 1.760072379797532 | 5 | 1.760525949743976 |  -0.181457434593408 | 1296 |  -0.180477118938111 | 0.180477118938111  |
|   279    | 1.760525949743976 | 5 | 1.760977006486294 |  -0.180477118938111 | 1296 |  -0.179505565146812 | 0.179505565146812  |
|   280    | 1.760977006486294 | 5 | 1.761425572946787 |  -0.179505565146812 | 1296 |  -0.178542664267578 | 0.178542664267578  |
|   281    | 1.761425572946787 | 5 | 1.761871671757716 |  -0.178542664267578 | 1296 |  -0.177588309080615 | 0.177588309080615  |
|   282    | 1.761871671757716 | 5 | 1.762315325265989 |  -0.177588309080615 | 1296 |  -0.176642394064601 | 0.176642394064601  |
|   283    | 1.762315325265989 | 5 | 1.762756555537748 |  -0.176642394064601 | 1296 |  -0.175704815364085 | 0.175704815364085  |
|   284    | 1.762756555537748 | 5 | 1.763195384362872 |  -0.175704815364085 | 1296 |  -0.174775470757432 | 0.174775470757432  |
|   285    | 1.763195384362872 | 5 | 1.763631833259389 |  -0.174775470757432 | 1296 |  -0.173854259625628 | 0.173854259625628  |
|   286    | 1.763631833259389 | 5 | 1.764065923477808 |  -0.173854259625628 | 1296 |  -0.172941082921774 | 0.172941082921774  |
|   287    | 1.764065923477808 | 5 | 1.764497676005361 |  -0.172941082921774 | 1296 |  -0.172035843141082 | 0.172035843141082  |
|   288    | 1.764497676005361 | 5 | 1.764927111570163 |  -0.172035843141082 | 1296 |  -0.171138444291842 | 0.171138444291842  |
|   289    | 1.764927111570163 | 5 | 1.765354250645302 |  -0.171138444291842 | 1296 |  -0.170248791866712 | 0.170248791866712  |
|   290    | 1.765354250645302 | 5 | 1.765779113452837 |  -0.170248791866712 | 1296 |  -0.169366792814955 | 0.169366792814955  |
|   291    | 1.765779113452837 | 5 | 1.766201719967728 |  -0.169366792814955 | 1296 |  -0.168492355515070 | 0.168492355515070  |
|   292    | 1.766201719967728 | 5 | 1.766622089921694 |  -0.168492355515070 | 1296 |  -0.167625389748057 | 0.167625389748057  |
|   293    | 1.766622089921694 | 5 | 1.767040242806986 |  -0.167625389748057 | 1296 |  -0.166765806671414 | 0.166765806671414  |
|   294    | 1.767040242806986 | 5 | 1.767456197880104 |  -0.166765806671414 | 1296 |  -0.165913518793509 | 0.165913518793509  |
|   295    | 1.767456197880104 | 5 | 1.767869974165432 |  -0.165913518793509 | 1296 |  -0.165068439948627 | 0.165068439948627  |
|   296    | 1.767869974165432 | 5 | 1.768281590458809 |  -0.165068439948627 | 1296 |  -0.164230485272597 | 0.164230485272597  |
|   297    | 1.768281590458809 | 5 | 1.768691065331036 |  -0.164230485272597 | 1296 |  -0.163399571178761 | 0.163399571178761  |
|   298    | 1.768691065331036 | 5 | 1.769098417131315 |  -0.163399571178761 | 1296 |  -0.162575615334692 | 0.162575615334692  |
|   299    | 1.769098417131315 | 5 | 1.769503663990623 |  -0.162575615334692 | 1296 |  -0.161758536639276 | 0.161758536639276  |
|   300    | 1.769503663990623 | 5 | 1.769906823825026 |  -0.161758536639276 | 1296 |  -0.160948255200289 | 0.160948255200289  |
|   301    | 1.769906823825026 | 5 | 1.770307914338932 |  -0.160948255200289 | 1296 |  -0.160144692312510 | 0.160144692312510  |
|   302    | 1.770307914338932 | 5 | 1.770706953028279 |  -0.160144692312510 | 1296 |  -0.159347770436263 | 0.159347770436263  |
|   303    | 1.770706953028279 | 5 | 1.771103957183676 |  -0.159347770436263 | 1296 |  -0.158557413176428 | 0.158557413176428  |
|   304    | 1.771103957183676 | 5 | 1.771498943893470 |  -0.158557413176428 | 1296 |  -0.157773545261914 | 0.157773545261914  |
|   305    | 1.771498943893470 | 5 | 1.771891930046776 |  -0.157773545261914 | 1296 |  -0.156996092525507 | 0.156996092525507  |
|   306    | 1.771891930046776 | 5 | 1.772282932336438 |  -0.156996092525507 | 1296 |  -0.156224981884186 | 0.156224981884186  |
|   307    | 1.772282932336438 | 5 | 1.772671967261938 |  -0.156224981884186 | 1296 |  -0.155460141319839 | 0.155460141319839  |
|   308    | 1.772671967261938 | 5 | 1.773059051132264 |  -0.155460141319839 | 1296 |  -0.154701499860455 | 0.154701499860455  |
|   309    | 1.773059051132264 | 5 | 1.773444200068709 |  -0.154701499860455 | 1296 |  -0.153948987561538 | 0.153948987561538  |
|   310    | 1.773444200068709 | 5 | 1.773827430007636 |  -0.153948987561538 | 1296 |  -0.153202535488134 | 0.153202535488134  |
|   311    | 1.773827430007636 | 5 | 1.774208756703183 |  -0.153202535488134 | 1296 |  -0.152462075696967 | 0.152462075696967  |
|   312    | 1.774208756703183 | 5 | 1.774588195729924 |  -0.152462075696967 | 1296 |  -0.151727541219181 | 0.151727541219181  |
|   313    | 1.774588195729924 | 5 | 1.774965762485485 |  -0.151727541219181 | 1296 |  -0.150998866043359 | 0.150998866043359  |
|   314    | 1.774965762485485 | 5 | 1.775341472193105 |  -0.150998866043359 | 1296 |  -0.150275985098787 | 0.150275985098787  |
|   315    | 1.775341472193105 | 5 | 1.775715339904166 |  -0.150275985098787 | 1296 |  -0.149558834239180 | 0.149558834239180  |
|   316    | 1.775715339904166 | 5 | 1.776087380500664 |  -0.149558834239180 | 1296 |  -0.148847350226784 | 0.148847350226784  |
|   317    | 1.776087380500664 | 5 | 1.776457608697646 |  -0.148847350226784 | 1296 |  -0.148141470716574 | 0.148141470716574  |
|   318    | 1.776457608697646 | 5 | 1.776826039045602 |  -0.148141470716574 | 1296 |  -0.147441134241078 | 0.147441134241078  |
|   319    | 1.776826039045602 | 5 | 1.777192685932814 |  -0.147441134241078 | 1296 |  -0.146746280195188 | 0.146746280195188  |
|   320    | 1.777192685932814 | 5 | 1.777557563587665 |  -0.146746280195188 | 1296 |  -0.146056848821654 | 0.146056848821654  |
|   321    | 1.777557563587665 | 5 | 1.777920686080908 |  -0.146056848821654 | 1296 |  -0.145372781196418 | 0.145372781196418  |
|   322    | 1.777920686080908 | 5 | 1.778282067327902 |  -0.145372781196418 | 1296 |  -0.144694019214622 | 0.144694019214622  |
|   323    | 1.778282067327902 | 5 | 1.778641721090792 |  -0.144694019214622 | 1296 |  -0.144020505576737 | 0.144020505576737  |
|   324    | 1.778641721090792 | 5 | 1.778999660980675 |  -0.144020505576737 | 1296 |  -0.143352183774986 | 0.143352183774986  |
|   325    | 1.778999660980675 | 5 | 1.779355900459711 |  -0.143352183774986 | 1296 |  -0.142688998080004 | 0.142688998080004  |
|   326    | 1.779355900459711 | 5 | 1.779710452843208 |  -0.142688998080004 | 1296 |  -0.142030893527760 | 0.142030893527760  |
|   327    | 1.779710452843208 | 5 | 1.780063331301663 |  -0.142030893527760 | 1296 |  -0.141377815906875 | 0.141377815906875  |
|   328    | 1.780063331301663 | 5 | 1.780414548862779 |  -0.141377815906875 | 1296 |  -0.140729711745990 | 0.140729711745990  |
|   329    | 1.780414548862779 | 5 | 1.780764118413442 |  -0.140729711745990 | 1296 |  -0.140086528301534 | 0.140086528301534  |
|   330    | 1.780764118413442 | 5 | 1.781112052701658 |  -0.140086528301534 | 1296 |  -0.139448213545585 | 0.139448213545585  |
|   331    | 1.781112052701658 | 5 | 1.781458364338476 |  -0.139448213545585 | 1296 |  -0.138814716154190 | 0.138814716154190  |
|   332    | 1.781458364338476 | 5 | 1.781803065799856 |  -0.138814716154190 | 1296 |  -0.138185985495639 | 0.138185985495639  |
|   333    | 1.781803065799856 | 5 | 1.782146169428528 |  -0.138185985495639 | 1296 |  -0.137561971619192 | 0.137561971619192  |
|   334    | 1.782146169428528 | 5 | 1.782487687435800 |  -0.137561971619192 | 1296 |  -0.136942625243890 | 0.136942625243890  |
|   335    | 1.782487687435800 | 5 | 1.782827631903354 |  -0.136942625243890 | 1296 |  -0.136327897747677 | 0.136327897747677  |
|   336    | 1.782827631903354 | 5 | 1.783166014784995 |  -0.136327897747677 | 1296 |  -0.135717741156604 | 0.135717741156604  |
|   337    | 1.783166014784995 | 5 | 1.783502847908389 |  -0.135717741156604 | 1296 |  -0.135112108134415 | 0.135112108134415  |
|   338    | 1.783502847908389 | 5 | 1.783838142976757 |  -0.135112108134415 | 1296 |  -0.134510951972118 | 0.134510951972118  |
|   339    | 1.783838142976757 | 5 | 1.784171911570548 |  -0.134510951972118 | 1296 |  -0.133914226577943 | 0.133914226577943  |
|   340    | 1.784171911570548 | 5 | 1.784504165149089 |  -0.133914226577943 | 1296 |  -0.133321886467471 | 0.133321886467471  |
|   341    | 1.784504165149089 | 5 | 1.784834915052198 |  -0.133321886467471 | 1296 |  -0.132733886753698 | 0.132733886753698  |
|   342    | 1.784834915052198 | 5 | 1.785164172501781 |  -0.132733886753698 | 1296 |  -0.132150183137743 | 0.132150183137743  |
|   343    | 1.785164172501781 | 5 | 1.785491948603393 |  -0.132150183137743 | 1296 |  -0.131570731899288 | 0.131570731899288  |
|   344    | 1.785491948603393 | 5 | 1.785818254347786 |  -0.131570731899288 | 1296 |  -0.130995489887418 | 0.130995489887418  |
|   345    | 1.785818254347786 | 5 | 1.786143100612418 |  -0.130995489887418 | 1296 |  -0.130424414511648 | 0.130424414511648  |
|   346    | 1.786143100612418 | 5 | 1.786466498162951 |  -0.130424414511648 | 1296 |  -0.129857463733021 | 0.129857463733021  |
|   347    | 1.786466498162951 | 5 | 1.786788457654715 |  -0.129857463733021 | 1296 |  -0.129294596055445 | 0.129294596055445  |
|   348    | 1.786788457654715 | 5 | 1.787108989634156 |  -0.129294596055445 | 1296 |  -0.128735770517110 | 0.128735770517110  |
|   349    | 1.787108989634156 | 5 | 1.787428104540254 |  -0.128735770517110 | 1296 |  -0.128180946682164 | 0.128180946682164  |
|   350    | 1.787428104540254 | 5 | 1.787745812705926 |  -0.128180946682164 | 1296 |  -0.127630084632507 | 0.127630084632507  |
|   351    | 1.787745812705926 | 5 | 1.788062124359401 |  -0.127630084632507 | 1296 |  -0.127083144959663 | 0.127083144959663  |
|   352    | 1.788062124359401 | 5 | 1.788377049625572 |  -0.127083144959663 | 1296 |  -0.126540088756904 | 0.126540088756904  |
|   353    | 1.788377049625572 | 5 | 1.788690598527337 |  -0.126540088756904 | 1296 |  -0.126000877611453 | 0.126000877611453  |
|   354    | 1.788690598527337 | 5 | 1.789002780986908 |  -0.126000877611453 | 1296 |  -0.125465473596908 | 0.125465473596908  |
|   355    | 1.789002780986908 | 5 | 1.789313606827102 |  -0.125465473596908 | 1296 |  -0.124933839265626 | 0.124933839265626  |
|   356    | 1.789313606827102 | 5 | 1.789623085772614 |  -0.124933839265626 | 1296 |  -0.124405937641527 | 0.124405937641527  |
|   357    | 1.789623085772614 | 5 | 1.789931227451274 |  -0.124405937641527 | 1296 |  -0.123881732212713 | 0.123881732212713  |
|   358    | 1.789931227451274 | 5 | 1.790238041395272 |  -0.123881732212713 | 1296 |  -0.123361186924487 | 0.123361186924487  |
|   359    | 1.790238041395272 | 5 | 1.790543537042381 |  -0.123361186924487 | 1296 |  -0.122844266172326 | 0.122844266172326  |
|   360    | 1.790543537042381 | 5 | 1.790847723737144 |  -0.122844266172326 | 1296 |  -0.122330934795045 | 0.122330934795045  |
|   361    | 1.790847723737144 | 5 | 1.791150610732057 |  -0.122330934795045 | 1296 |  -0.121821158068144 | 0.121821158068144  |
|   362    | 1.791150610732057 | 5 | 1.791452207188721 |  -0.121821158068144 | 1296 |  -0.121314901697062 | 0.121314901697062  |
|   363    | 1.791452207188721 | 5 | 1.791752522178993 |  -0.121314901697062 | 1296 |  -0.120812131810865 | 0.120812131810865  |
|   364    | 1.791752522178993 | 5 | 1.792051564686099 |  -0.120812131810865 | 1296 |  -0.120312814955732 | 0.120312814955732  |
|   365    | 1.792051564686099 | 5 | 1.792349343605748 |  -0.120312814955732 | 1296 |  -0.119816918088837 | 0.119816918088837  |
|   366    | 1.792349343605748 | 5 | 1.792645867747219 |  -0.119816918088837 | 1296 |  -0.119324408572059 | 0.119324408572059  |
|   367    | 1.792645867747219 | 5 | 1.792941145834433 |  -0.119324408572059 | 1296 |  -0.118835254166086 | 0.118835254166086  |
|   368    | 1.792941145834433 | 5 | 1.793235186507012 |  -0.118835254166086 | 1296 |  -0.118349423024398 | 0.118349423024398  |
|   369    | 1.793235186507012 | 5 | 1.793527998321319 |  -0.118349423024398 | 1296 |  -0.117866883687437 | 0.117866883687437  |
|   370    | 1.793527998321319 | 5 | 1.793819589751486 |  -0.117866883687437 | 1296 |  -0.117387605076956 | 0.117387605076956  |
|   371    | 1.793819589751486 | 5 | 1.794109969190419 |  -0.117387605076956 | 1296 |  -0.116911556490297 | 0.116911556490297  |
|   372    | 1.794109969190419 | 5 | 1.794399144950797 |  -0.116911556490297 | 1296 |  -0.116438707594970 | 0.116438707594970  |
|   373    | 1.794399144950797 | 5 | 1.794687125266053 |  -0.116438707594970 | 1296 |  -0.115969028423073 | 0.115969028423073  |
|   374    | 1.794687125266053 | 5 | 1.794973918291336 |  -0.115969028423073 | 1296 |  -0.115502489366168 | 0.115502489366168  |
|   375    | 1.794973918291336 | 5 | 1.795259532104464 |  -0.115502489366168 | 1296 |  -0.115039061169814 | 0.115039061169814  |
|   376    | 1.795259532104464 | 5 | 1.795543974706863 |  -0.115039061169814 | 1296 |  -0.114578714928584 | 0.114578714928584  |
|   377    | 1.795543974706863 | 5 | 1.795827254024489 |  -0.114578714928584 | 1296 |  -0.114121422080835 | 0.114121422080835  |
|   378    | 1.795827254024489 | 5 | 1.796109377908736 |  -0.114121422080835 | 1296 |  -0.113667154403913 | 0.113667154403913  |
|   379    | 1.796109377908736 | 5 | 1.796390354137336 |  -0.113667154403913 | 1296 |  -0.113215884009115 | 0.113215884009115  |
|   380    | 1.796390354137336 | 5 | 1.796670190415241 |  -0.113215884009115 | 1296 |  -0.112767583336925 | 0.112767583336925  |
|   381    | 1.796670190415241 | 5 | 1.796948894375493 |  -0.112767583336925 | 1296 |  -0.112322225152301 | 0.112322225152301  |
|   382    | 1.796948894375493 | 5 | 1.797226473580081 |  -0.112322225152301 | 1296 |  -0.111879782539965 | 0.111879782539965  |
|   383    | 1.797226473580081 | 5 | 1.797502935520789 |  -0.111879782539965 | 1296 |  -0.111440228899944 | 0.111440228899944  |
|   384    | 1.797502935520789 | 5 | 1.797778287620030 |  -0.111440228899944 | 1296 |  -0.111003537942921 | 0.111003537942921  |
|   385    | 1.797778287620030 | 5 | 1.798052537231662 |  -0.111003537942921 | 1296 |  -0.110569683685945 | 0.110569683685945  |
|   386    | 1.798052537231662 | 5 | 1.798325691641801 |  -0.110569683685945 | 1296 |  -0.110138640448053 | 0.110138640448053  |
|   387    | 1.798325691641801 | 5 | 1.798597758069620 |  -0.110138640448053 | 1296 |  -0.109710382845925 | 0.109710382845925  |
|   388    | 1.798597758069620 | 5 | 1.798868743668133 |  -0.109710382845925 | 1296 |  -0.109284885789794 | 0.109284885789794  |
|   389    | 1.798868743668133 | 5 | 1.799138655524970 |  -0.109284885789794 | 1296 |  -0.108862124479206 | 0.108862124479206  |
|   390    | 1.799138655524970 | 5 | 1.799407500663141 |  -0.108862124479206 | 1296 |  -0.108442074399068 | 0.108442074399068  |
|   391    | 1.799407500663141 | 5 | 1.799675286041792 |  -0.108442074399068 | 1296 |  -0.108024711315544 | 0.108024711315544  |
|   392    | 1.799675286041792 | 5 | 1.799942018556945 |  -0.108024711315544 | 1296 |  -0.107610011272218 | 0.107610011272218  |
|   393    | 1.799942018556945 | 5 | 1.800207705042230 |  -0.107610011272218 | 1296 |  -0.107197950586105 | 0.107197950586105  |
|   394    | 1.800207705042230 | 5 | 1.800472352269606 |  -0.107197950586105 | 1296 |  -0.106788505844044 | 0.106788505844044  |
|   395    | 1.800472352269606 | 5 | 1.800735966950077 |  -0.106788505844044 | 1296 |  -0.106381653898758 | 0.106381653898758  |
|   396    | 1.800735966950077 | 5 | 1.800998555734387 |  -0.106381653898758 | 1296 |  -0.105977371865272 | 0.105977371865272  |
|   397    | 1.800998555734387 | 5 | 1.801260125213716 |  -0.105977371865272 | 1296 |  -0.105575637117283 | 0.105575637117283  |
|   398    | 1.801260125213716 | 5 | 1.801520681920362 |  -0.105575637117283 | 1296 |  -0.105176427283610 | 0.105176427283610  |
|   399    | 1.801520681920362 | 5 | 1.801780232328411 |  -0.105176427283610 | 1296 |  -0.104779720244682 | 0.104779720244682  |
|   400    | 1.801780232328411 | 5 | 1.802038782854403 |  -0.104779720244682 | 1296 |  -0.104385494129062 | 0.104385494129062  |
|   401    | 1.802038782854403 | 5 | 1.802296339857985 |  -0.104385494129062 | 1296 |  -0.103993727310137 | 0.103993727310137  |
|   402    | 1.802296339857985 | 5 | 1.802552909642555 |  -0.103993727310137 | 1296 |  -0.103604398402645 | 0.103604398402645  |
|   403    | 1.802552909642555 | 5 | 1.802808498455900 |  -0.103604398402645 | 1296 |  -0.103217486259556 | 0.103217486259556  |
|   404    | 1.802808498455900 | 5 | 1.803063112490822 |  -0.103217486259556 | 1296 |  -0.102832969968716 | 0.102832969968716  |
|   405    | 1.803063112490822 | 5 | 1.803316757885757 |  -0.102832969968716 | 1296 |  -0.102450828849751 | 0.102450828849751  |
|   406    | 1.803316757885757 | 5 | 1.803569440725386 |  -0.102450828849751 | 1296 |  -0.102071042450874 | 0.102071042450874  |
|   407    | 1.803569440725386 | 5 | 1.803821167041234 |  -0.102071042450874 | 1296 |  -0.101693590545839 | 0.101693590545839  |
|   408    | 1.803821167041234 | 5 | 1.804071942812269 |  -0.101693590545839 | 1296 |  -0.101318453130951 | 0.101318453130951  |
|   409    | 1.804071942812269 | 5 | 1.804321773965484 |  -0.101318453130951 | 1296 |  -0.100945610422002 | 0.100945610422002  |
|   410    | 1.804321773965484 | 5 | 1.804570666376474 |  -0.100945610422002 | 1296 |  -0.100575042851375 | 0.100575042851375  |
|   411    | 1.804570666376474 | 5 | 1.804818625870008 |  -0.100575042851375 | 1296 |  -0.100206731065217 | 0.100206731065217  |
|   412    | 1.804818625870008 | 5 | 1.805065658220593 |  -0.100206731065217 | 1296 |  -0.099840655920470 | 0.099840655920470  |
|   413    | 1.805065658220593 | 5 | 1.805311769153022 |  -0.099840655920470 | 1296 |  -0.099476798482183 | 0.099476798482183  |
|   414    | 1.805311769153022 | 5 | 1.805556964342931 |  -0.099476798482183 | 1296 |  -0.099115140020743 | 0.099115140020743  |
|   415    | 1.805556964342931 | 5 | 1.805801249417327 |  -0.099115140020743 | 1296 |  -0.098755662009086 | 0.098755662009086  |
|   416    | 1.805801249417327 | 5 | 1.806044629955133 |  -0.098755662009086 | 1296 |  -0.098398346120085 | 0.098398346120085  |
|   417    | 1.806044629955133 | 5 | 1.806287111487704 |  -0.098398346120085 | 1296 |  -0.098043174223974 | 0.098043174223974  |
|   418    | 1.806287111487704 | 5 | 1.806528699499351 |  -0.098043174223974 | 1296 |  -0.097690128385651 | 0.097690128385651  |
|   419    | 1.806528699499351 | 5 | 1.806769399427850 |  -0.097690128385651 | 1296 |  -0.097339190862208 | 0.097339190862208  |
|   420    | 1.806769399427850 | 5 | 1.807009216664949 |  -0.097339190862208 | 1296 |  -0.096990344100394 | 0.096990344100394  |
|   421    | 1.807009216664949 | 5 | 1.807248156556865 |  -0.096990344100394 | 1296 |  -0.096643570734152 | 0.096643570734152  |
|   422    | 1.807248156556865 | 5 | 1.807486224404775 |  -0.096643570734152 | 1296 |  -0.096298853582191 | 0.096298853582191  |
|   423    | 1.807486224404775 | 5 | 1.807723425465303 |  -0.096298853582191 | 1296 |  -0.095956175645590 | 0.095956175645590  |
|   424    | 1.807723425465303 | 5 | 1.807959764950999 |  -0.095956175645590 | 1296 |  -0.095615520105447 | 0.095615520105447  |
|   425    | 1.807959764950999 | 5 | 1.808195248030810 |  -0.095615520105447 | 1296 |  -0.095276870320546 | 0.095276870320546  |
|   426    | 1.808195248030810 | 5 | 1.808429879830546 |  -0.095276870320546 | 1296 |  -0.094940209825047 | 0.094940209825047  |
|   427    | 1.808429879830546 | 5 | 1.808663665433344 |  -0.094940209825047 | 1296 |  -0.094605522326273 | 0.094605522326273  |
|   428    | 1.808663665433344 | 5 | 1.808896609880118 |  -0.094605522326273 | 1296 |  -0.094272791702515 | 0.094272791702515  |
|   429    | 1.808896609880118 | 5 | 1.809128718170012 |  -0.094272791702515 | 1296 |  -0.093942002000759 | 0.093942002000759  |
|   430    | 1.809128718170012 | 5 | 1.809359995260836 |  -0.093942002000759 | 1296 |  -0.093613137434652 | 0.093613137434652  |
|   431    | 1.809359995260836 | 5 | 1.809590446069513 |  -0.093613137434652 | 1296 |  -0.093286182382261 | 0.093286182382261  |
|   432    | 1.809590446069513 | 5 | 1.809820075472500 |  -0.093286182382261 | 1296 |  -0.092961121384054 | 0.092961121384054  |
|   433    | 1.809820075472500 | 5 | 1.810048888306222 |  -0.092961121384054 | 1296 |  -0.092637939140850 | 0.092637939140850  |
|   434    | 1.810048888306222 | 5 | 1.810276889367487 |  -0.092637939140850 | 1296 |  -0.092316620511824 | 0.092316620511824  |
|   435    | 1.810276889367487 | 5 | 1.810504083413903 |  -0.092316620511824 | 1296 |  -0.091997150512356 | 0.091997150512356  |
|   436    | 1.810504083413903 | 5 | 1.810730475164289 |  -0.091997150512356 | 1296 |  -0.091679514312233 | 0.091679514312233  |
|   437    | 1.810730475164289 | 5 | 1.810956069299079 |  -0.091679514312233 | 1296 |  -0.091363697233700 | 0.091363697233700  |
|   438    | 1.810956069299079 | 5 | 1.811180870460718 |  -0.091363697233700 | 1296 |  -0.091049684749432 | 0.091049684749432  |
|   439    | 1.811180870460718 | 5 | 1.811404883254062 |  -0.091049684749432 | 1296 |  -0.090737462480739 | 0.090737462480739  |
|   440    | 1.811404883254062 | 5 | 1.811628112246762 |  -0.090737462480739 | 1296 |  -0.090427016195754 | 0.090427016195754  |
|   441    | 1.811628112246762 | 5 | 1.811850561969653 |  -0.090427016195754 | 1296 |  -0.090118331807471 | 0.090118331807471  |
|   442    | 1.811850561969653 | 5 | 1.812072236917132 |  -0.090118331807471 | 1296 |  -0.089811395372138 | 0.089811395372138  |
|   443    | 1.812072236917132 | 5 | 1.812293141547529 |  -0.089811395372138 | 1296 |  -0.089506193087310 | 0.089506193087310  |
|   444    | 1.812293141547529 | 5 | 1.812513280283485 |  -0.089506193087310 | 1296 |  -0.089202711290156 | 0.089202711290156  |
|   445    | 1.812513280283485 | 5 | 1.812732657512309 |  -0.089202711290156 | 1296 |  -0.088900936455801 | 0.088900936455801  |
|   446    | 1.812732657512309 | 5 | 1.812951277586347 |  -0.088900936455801 | 1296 |  -0.088600855195608 | 0.088600855195608  |
|   447    | 1.812951277586347 | 5 | 1.813169144823332 |  -0.088600855195608 | 1296 |  -0.088302454255363 | 0.088302454255363  |
|   448    | 1.813169144823332 | 5 | 1.813386263506739 |  -0.088302454255363 | 1296 |  -0.088005720513912 | 0.088005720513912  |
|   449    | 1.813386263506739 | 5 | 1.813602637886135 |  -0.088005720513912 | 1296 |  -0.087710640981225 | 0.087710640981225  |
|   450    | 1.813602637886135 | 5 | 1.813818272177516 |  -0.087710640981225 | 1296 |  -0.087417202797031 | 0.087417202797031  |
|   451    | 1.813818272177516 | 5 | 1.814033170563653 |  -0.087417202797031 | 1296 |  -0.087125393229140 | 0.087125393229140  |
|   452    | 1.814033170563653 | 5 | 1.814247337194423 |  -0.087125393229140 | 1296 |  -0.086835199671881 | 0.086835199671881  |
|   453    | 1.814247337194423 | 5 | 1.814460776187141 |  -0.086835199671881 | 1296 |  -0.086546609644621 | 0.086546609644621  |
|   454    | 1.814460776187141 | 5 | 1.814673491626887 |  -0.086546609644621 | 1296 |  -0.086259610790194 | 0.086259610790194  |
|   455    | 1.814673491626887 | 5 | 1.814885487566829 |  -0.086259610790194 | 1296 |  -0.085974190873461 | 0.085974190873461  |
|   456    | 1.814885487566829 | 5 | 1.815096768028541 |  -0.085974190873461 | 1296 |  -0.085690337779827 | 0.085690337779827  |
|   457    | 1.815096768028541 | 5 | 1.815307337002320 |  -0.085690337779827 | 1296 |  -0.085408039513808 | 0.085408039513808  |
|   458    | 1.815307337002320 | 5 | 1.815517198447494 |  -0.085408039513808 | 1296 |  -0.085127284197554 | 0.085127284197554  |
|   459    | 1.815517198447494 | 5 | 1.815726356292734 |  -0.085127284197554 | 1296 |  -0.084848060069483 | 0.084848060069483  |
|   460    | 1.815726356292734 | 5 | 1.815934814436352 |  -0.084848060069483 | 1296 |  -0.084570355482928 | 0.084570355482928  |
|   461    | 1.815934814436352 | 5 | 1.816142576746608 |  -0.084570355482928 | 1296 |  -0.084294158904708 | 0.084294158904708  |
|   462    | 1.816142576746608 | 5 | 1.816349647062000 |  -0.084294158904708 | 1296 |  -0.084019458913765 | 0.084019458913765  |
|   463    | 1.816349647062000 | 5 | 1.816556029191559 |  -0.084019458913765 | 1296 |  -0.083746244199915 | 0.083746244199915  |
|   464    | 1.816556029191559 | 5 | 1.816761726915143 |  -0.083746244199915 | 1296 |  -0.083474503562528 | 0.083474503562528  |
|   465    | 1.816761726915143 | 5 | 1.816966743983714 |  -0.083474503562528 | 1296 |  -0.083204225909149 | 0.083204225909149  |
|   466    | 1.816966743983714 | 5 | 1.817171084119630 |  -0.083204225909149 | 1296 |  -0.082935400254293 | 0.082935400254293  |
|   467    | 1.817171084119630 | 5 | 1.817374751016918 |  -0.082935400254293 | 1296 |  -0.082668015718184 | 0.082668015718184  |
|   468    | 1.817374751016918 | 5 | 1.817577748341549 |  -0.082668015718184 | 1296 |  -0.082402061525485 | 0.082402061525485  |
|   469    | 1.817577748341549 | 5 | 1.817780079731717 |  -0.082402061525485 | 1296 |  -0.082137527004132 | 0.082137527004132  |
|   470    | 1.817780079731717 | 5 | 1.817981748798102 |  -0.082137527004132 | 1296 |  -0.081874401584081 | 0.081874401584081  |
|   471    | 1.817981748798102 | 5 | 1.818182759124141 |  -0.081874401584081 | 1296 |  -0.081612674796105 | 0.081612674796105  |
|   472    | 1.818182759124141 | 5 | 1.818383114266287 |  -0.081612674796105 | 1296 |  -0.081352336270694 | 0.081352336270694  |
|   473    | 1.818383114266287 | 5 | 1.818582817754272 |  -0.081352336270694 | 1296 |  -0.081093375736817 | 0.081093375736817  |
|   474    | 1.818582817754272 | 5 | 1.818781873091359 |  -0.081093375736817 | 1296 |  -0.080835783020849 | 0.080835783020849  |
|   475    | 1.818781873091359 | 5 | 1.818980283754606 |  -0.080835783020849 | 1296 |  -0.080579548045378 | 0.080579548045378  |
|   476    | 1.818980283754606 | 5 | 1.819178053195105 |  -0.080579548045378 | 1296 |  -0.080324660828182 | 0.080324660828182  |
|   477    | 1.819178053195105 | 5 | 1.819375184838237 |  -0.080324660828182 | 1296 |  -0.080071111481079 | 0.080071111481079  |
|   478    | 1.819375184838237 | 5 | 1.819571682083917 |  -0.080071111481079 | 1296 |  -0.079818890208774 | 0.079818890208774  |
|   479    | 1.819571682083917 | 5 | 1.819767548306834 |  -0.079818890208774 | 1296 |  -0.079567987308014 | 0.079567987308014  |
|   480    | 1.819767548306834 | 5 | 1.819962786856691 |  -0.079567987308014 | 1296 |  -0.079318393166254 | 0.079318393166254  |
|   481    | 1.819962786856691 | 5 | 1.820157401058442 |  -0.079318393166254 | 1296 |  -0.079070098260861 | 0.079070098260861  |
|   482    | 1.820157401058442 | 5 | 1.820351394212528 |  -0.079070098260861 | 1296 |  -0.078823093157958 | 0.078823093157958  |
|   483    | 1.820351394212528 | 5 | 1.820544769595103 |  -0.078823093157958 | 1296 |  -0.078577368511485 | 0.078577368511485  |
|   484    | 1.820544769595103 | 5 | 1.820737530458269 |  -0.078577368511485 | 1296 |  -0.078332915062131 | 0.078332915062131  |
|   485    | 1.820737530458269 | 5 | 1.820929680030299 |  -0.078332915062131 | 1296 |  -0.078089723636378 | 0.078089723636378  |
|   486    | 1.820929680030299 | 5 | 1.821121221515859 |  -0.078089723636378 | 1296 |  -0.077847785145611 | 0.077847785145611  |
|   487    | 1.821121221515859 | 5 | 1.821312158096230 |  -0.077847785145611 | 1296 |  -0.077607090585033 | 0.077607090585033  |
|   488    | 1.821312158096230 | 5 | 1.821502492929530 |  -0.077607090585033 | 1296 |  -0.077367631032811 | 0.077367631032811  |
|   489    | 1.821502492929530 | 5 | 1.821692229150922 |  -0.077367631032811 | 1296 |  -0.077129397649149 | 0.077129397649149  |
|   490    | 1.821692229150922 | 5 | 1.821881369872835 |  -0.077129397649149 | 1296 |  -0.076892381675275 | 0.076892381675275  |
|   491    | 1.821881369872835 | 5 | 1.822069918185172 |  -0.076892381675275 | 1296 |  -0.076656574432675 | 0.076656574432675  |
|   492    | 1.822069918185172 | 5 | 1.822257877155517 |  -0.076656574432675 | 1296 |  -0.076421967322041 | 0.076421967322041  |
|   493    | 1.822257877155517 | 5 | 1.822445249829345 |  -0.076421967322041 | 1296 |  -0.076188551822526 | 0.076188551822526  |
|   494    | 1.822445249829345 | 5 | 1.822632039230224 |  -0.076188551822526 | 1296 |  -0.075956319490800 | 0.075956319490800  |
|   495    | 1.822632039230224 | 5 | 1.822818248360013 |  -0.075956319490800 | 1296 |  -0.075725261960237 | 0.075725261960237  |
|   496    | 1.822818248360013 | 5 | 1.823003880199071 |  -0.075725261960237 | 1296 |  -0.075495370939969 | 0.075495370939969  |
|   497    | 1.823003880199071 | 5 | 1.823188937706443 |  -0.075495370939969 | 1296 |  -0.075266638214199 | 0.075266638214199  |
|   498    | 1.823188937706443 | 5 | 1.823373423820063 |  -0.075266638214199 | 1296 |  -0.075039055641223 | 0.075039055641223  |
|   499    | 1.823373423820063 | 5 | 1.823557341456942 |  -0.075039055641223 | 1296 |  -0.074812615152723 | 0.074812615152723  |
+----------+-------------------+---+-------------------+---------------------+------+---------------------+--------------------+
Não foi possível encontrar uma raiz convergente dentro do número máximo de iterações.

O tempo de execução foi de 0.011599 segundos.
