Método de Newton da função f(x)=x^5-2x^4-9x^3+22x^2+4x-24
I=[0,5], Precisão=1e-10, X0=2.5 e Número Máximo de Iterações=500.
+----------+-------------------+-------------------+-------------------+
| Iteração |         x         |        f(x)       |       |f(x)|      |
+----------+-------------------+-------------------+-------------------+
|    0     | 2.500000000000000 | 2.406250000000000 | 2.406250000000000 |
|    1     | 2.345417040057289 | 0.736992610413807 | 0.736992610413807 |
|    2     | 2.236414384819297 | 0.223933889825613 | 0.223933889825613 |
|    3     | 2.160631239925893 | 0.067603112340812 | 0.067603112340812 |
|    4     | 2.108545392609873 | 0.020309005244400 | 0.020309005244400 |
|    5     | 2.073062454325368 | 0.006080291022901 | 0.006080291022901 |
|    6     | 2.049048047203798 | 0.001816514775811 | 0.001816514775811 |
|    7     | 2.032871675938898 | 0.000542169937582 | 0.000542169937582 |
|    8     | 2.022010983146449 | 0.000161842292034 | 0.000161842292034 |
|    9     | 2.014735771198595 | 0.000048374436361 | 0.000048374436361 |
|    10    | 2.009869897482499 | 0.000014498133567 | 0.000014498133567 |
|    11    | 2.006618845186154 | 0.000004364852501 | 0.000004364852501 |
|    12    | 2.004448190469486 | 0.000001323338793 | 0.000001323338793 |
|    13    | 2.002999495611058 | 0.000000405443544 | 0.000000405443544 |
|    14    | 2.002032818375975 | 0.000000126141408 | 0.000000126141408 |
|    15    | 2.001387735532357 | 0.000000040117428 | 0.000000040117428 |
|    16    | 2.000957064677488 | 0.000000013156402 | 0.000000013156402 |
|    17    | 2.000669229512798 | 0.000000004497508 | 0.000000004497508 |
|    18    | 2.000476432505110 | 0.000000001622567 | 0.000000001622567 |
|    19    | 2.000346766187656 | 0.000000000625583 | 0.000000000625583 |
|    20    | 2.000258946688282 | 0.000000000260506 | 0.000000000260506 |
|    21    | 2.000198829612232 | 0.000000000117929 | 0.000000000117929 |
|    22    | 2.000157071951083 | 0.000000000058137 | 0.000000000058137 |
+----------+-------------------+-------------------+-------------------+
Raiz convergente encontrada foi: 2.00016

O tempo de execução foi de 0.000427 segundos.
