Método da Bissecção da função f(x)=5x^3+x^2-e^(1-2x)+cos(x)+20
I=[-0.9295604598401042,-0.9295604598378304], Precisão=1e-10, X0=-0.9295604598378304 e Número Máximo de Iterações=500.
+----------+--------------------+--------------------+--------------------+------------------------+----------------------+---------------------+
| Iteração |         a          |         b          |         x          |          f(a)          |         f(x)         |        |f(x)|       |
+----------+--------------------+--------------------+--------------------+------------------------+----------------------+---------------------+
|    0     |         -5         |         5          | 0.000000000000000  | -60453.858053012350865 |  18.281718171540955  |  18.281718171540955 |
|    1     |         -5         | 0.000000000000000  | -2.500000000000000 | -60453.858053012350865 | -456.104937108282058 | 456.104937108282058 |
|    2     | -2.500000000000000 | 0.000000000000000  | -1.250000000000000 |  -456.104937108282058  | -21.003254596297040  |  21.003254596297040 |
|    3     | -1.250000000000000 | 0.000000000000000  | -0.625000000000000 |  -21.003254596297040   |  10.493149158146691  |  10.493149158146691 |
|    4     | -1.250000000000000 | -0.625000000000000 | -0.937500000000000 |  -21.003254596297040   |  -0.374585843244166  |  0.374585843244166  |
|    5     | -0.937500000000000 | -0.625000000000000 | -0.781250000000000 |   -0.374585843244166   |  5.968002338081321   |  5.968002338081321  |
|    6     | -0.937500000000000 | -0.781250000000000 | -0.859375000000000 |   -0.374585843244166   |  3.056726398254547   |  3.056726398254547  |
|    7     | -0.937500000000000 | -0.859375000000000 | -0.898437500000000 |   -0.374585843244166   |  1.410637071275527   |  1.410637071275527  |
|    8     | -0.937500000000000 | -0.898437500000000 | -0.917968750000000 |   -0.374585843244166   |  0.536019663848087   |  0.536019663848087  |
|    9     | -0.937500000000000 | -0.917968750000000 | -0.927734375000000 |   -0.374585843244166   |  0.085292840848517   |  0.085292840848517  |
|    10    | -0.937500000000000 | -0.927734375000000 | -0.932617187500000 |   -0.374585843244166   |  -0.143492704603982  |  0.143492704603982  |
|    11    | -0.932617187500000 | -0.927734375000000 | -0.930175781250000 |   -0.143492704603982   |  -0.028812715654375  |  0.028812715654375  |
|    12    | -0.930175781250000 | -0.927734375000000 | -0.928955078125000 |   -0.028812715654375   |  0.028311713080448   |  0.028311713080448  |
|    13    | -0.930175781250000 | -0.928955078125000 | -0.929565429687500 |   -0.028812715654375   |  -0.000232569493733  |  0.000232569493733  |
|    14    | -0.929565429687500 | -0.928955078125000 | -0.929260253906250 |   -0.000232569493733   |  0.014044052343607   |  0.014044052343607  |
|    15    | -0.929565429687500 | -0.929260253906250 | -0.929412841796875 |   -0.000232569493733   |  0.006906861862166   |  0.006906861862166  |
|    16    | -0.929565429687500 | -0.929412841796875 | -0.929489135742188 |   -0.000232569493733   |  0.003337426330990   |  0.003337426330990  |
|    17    | -0.929565429687500 | -0.929489135742188 | -0.929527282714844 |   -0.000232569493733   |  0.001552498460004   |  0.001552498460004  |
|    18    | -0.929565429687500 | -0.929527282714844 | -0.929546356201172 |   -0.000232569493733   |  0.000659981994062   |  0.000659981994062  |
|    19    | -0.929565429687500 | -0.929546356201172 | -0.929555892944336 |   -0.000232569493733   |  0.000213710627971   |  0.000213710627971  |
|    20    | -0.929565429687500 | -0.929555892944336 | -0.929560661315918 |   -0.000232569493733   |  -0.000009428338419  |  0.000009428338419  |
|    21    | -0.929560661315918 | -0.929555892944336 | -0.929558277130127 |   -0.000009428338419   |  0.000102141418388   |  0.000102141418388  |
|    22    | -0.929560661315918 | -0.929558277130127 | -0.929559469223022 |   -0.000009428338419   |  0.000046356608387   |  0.000046356608387  |
|    23    | -0.929560661315918 | -0.929559469223022 | -0.929560065269470 |   -0.000009428338419   |  0.000018464152085   |  0.000018464152085  |
|    24    | -0.929560661315918 | -0.929560065269470 | -0.929560363292694 |   -0.000009428338419   |  0.000004517911108   |  0.000004517911108  |
|    25    | -0.929560661315918 | -0.929560363292694 | -0.929560512304306 |   -0.000009428338419   |  -0.000002455212588  |  0.000002455212588  |
|    26    | -0.929560512304306 | -0.929560363292694 | -0.929560437798500 |   -0.000002455212588   |  0.000001031349527   |  0.000001031349527  |
|    27    | -0.929560512304306 | -0.929560437798500 | -0.929560475051403 |   -0.000002455212588   |  -0.000000711931467  |  0.000000711931467  |
|    28    | -0.929560475051403 | -0.929560437798500 | -0.929560456424952 |   -0.000000711931467   |  0.000000159709050   |  0.000000159709050  |
|    29    | -0.929560475051403 | -0.929560456424952 | -0.929560465738177 |   -0.000000711931467   |  -0.000000276111205  |  0.000000276111205  |
|    30    | -0.929560465738177 | -0.929560456424952 | -0.929560461081564 |   -0.000000276111205   |  -0.000000058201074  |  0.000000058201074  |
|    31    | -0.929560461081564 | -0.929560456424952 | -0.929560458753258 |   -0.000000058201074   |  0.000000050753986   |  0.000000050753986  |
|    32    | -0.929560461081564 | -0.929560458753258 | -0.929560459917411 |   -0.000000058201074   |  -0.000000003723546  |  0.000000003723546  |
|    33    | -0.929560459917411 | -0.929560458753258 | -0.929560459335335 |   -0.000000003723546   |  0.000000023515224   |  0.000000023515224  |
|    34    | -0.929560459917411 | -0.929560459335335 | -0.929560459626373 |   -0.000000003723546   |  0.000000009895842   |  0.000000009895842  |
|    35    | -0.929560459917411 | -0.929560459626373 | -0.929560459771892 |   -0.000000003723546   |  0.000000003086146   |  0.000000003086146  |
|    36    | -0.929560459917411 | -0.929560459771892 | -0.929560459844652 |   -0.000000003723546   |  -0.000000000318700  |  0.000000000318700  |
|    37    | -0.929560459844652 | -0.929560459771892 | -0.929560459808272 |   -0.000000000318700   |  0.000000001383725   |  0.000000001383725  |
|    38    | -0.929560459844652 | -0.929560459808272 | -0.929560459826462 |   -0.000000000318700   |  0.000000000532513   |  0.000000000532513  |
|    39    | -0.929560459844652 | -0.929560459826462 | -0.929560459835557 |   -0.000000000318700   |  0.000000000106908   |  0.000000000106908  |
|    40    | -0.929560459844652 | -0.929560459835557 | -0.929560459840104 |   -0.000000000318700   |  -0.000000000105896  |  0.000000000105896  |
|    41    | -0.929560459840104 | -0.929560459835557 | -0.929560459837830 |   -0.000000000105896   |  0.000000000000508   |  0.000000000000508  |
+----------+--------------------+--------------------+--------------------+------------------------+----------------------+---------------------+
Raiz convergente encontrada foi: -0.929560459837830

O tempo de execução foi de 0.001859 segundos.
