Método da Falsa Posição da função f(x)=5x^3+x^2-e^(1-2x)+cos(x)+20
I=[-5,5], Precisão=1e-10 e Número Máximo de Iterações=500.
+----------+----+-------------------+---------+------------------------+---------------------+---------------------+---------------------+
| Iteração | a  |         b         |    x    |          f(a)          |         f(b)        |         f(x)        |        |f(x)|       |
+----------+----+-------------------+---------+------------------------+---------------------+---------------------+---------------------+
|    0     | -5 |         5         | 4.89034 | -60453.858053012350865 | 670.283538775659053 | 628.865319739095526 | 628.865319739095526 |
|    1     | -5 | 4.890340621345313 | 4.78852 | -60453.858053012350865 | 628.865319739095526 | 592.006559464491716 | 592.006559464491716 |
|    2     | -5 | 4.788516539612483 | 4.69359 | -60453.858053012350865 | 592.006559464491716 | 559.004740672501612 | 559.004740672501612 |
|    3     | -5 | 4.693590109531372 | 4.60478 | -60453.858053012350865 | 559.004740672501612 | 529.293977990902476 | 529.293977990902476 |
|    4     | -5 | 4.604776659756237 | 4.52141 | -60453.858053012350865 | 529.293977990902476 | 502.413381513312515 | 502.413381513312515 |
|    5     | -5 | 4.521413463912048 | 4.44294 | -60453.858053012350865 | 502.413381513312515 | 477.983821691754258 | 477.983821691754258 |
|    6     | -5 | 4.442936132168937 | 4.36886 | -60453.858053012350865 | 477.983821691754258 | 455.690601728676199 | 455.690601728676199 |
|    7     | -5 | 4.368860401621899 | 4.29877 | -60453.858053012350865 | 455.690601728676199 | 435.270355793102397 | 435.270355793102397 |
|    8     | -5 | 4.298767916482547 | 4.23229 | -60453.858053012350865 | 435.270355793102397 | 416.501017420194273 | 416.501017420194273 |
|    9     | -5 | 4.232294998817010 | 4.16912 | -60453.858053012350865 | 416.501017420194273 | 399.194050223278452 | 399.194050223278452 |
|    10    | -5 | 4.169123689844094 | 4.10897 | -60453.858053012350865 | 399.194050223278452 | 383.188367282476463 | 383.188367282476463 |
|    11    | -5 | 4.108974535508539 | 4.05160 | -60453.858053012350865 | 383.188367282476463 | 368.345526040235029 | 368.345526040235029 |
|    12    | -5 | 4.051600726534230 | 3.99678 | -60453.858053012350865 | 368.345526040235029 | 354.545897185984416 | 354.545897185984416 |
|    13    | -5 | 3.996783300743532 | 3.94433 | -60453.858053012350865 | 354.545897185984416 | 341.685584817650863 | 341.685584817650863 |
|    14    | -5 | 3.944327186128809 | 3.89406 | -60453.858053012350865 | 341.685584817650863 | 329.673931528162313 | 329.673931528162313 |
|    15    | -5 | 3.894057915019089 | 3.84582 | -60453.858053012350865 | 329.673931528162313 | 318.431482868248338 | 318.431482868248338 |
|    16    | -5 | 3.845818878155795 | 3.79947 | -60453.858053012350865 | 318.431482868248338 | 307.888315513754094 | 307.888315513754094 |
|    17    | -5 | 3.799469016334446 | 3.75488 | -60453.858053012350865 | 307.888315513754094 | 297.982655574266516 | 297.982655574266516 |
|    18    | -5 | 3.754880869107360 | 3.71194 | -60453.858053012350865 | 297.982655574266516 | 288.659730001881201 | 288.659730001881201 |
|    19    | -5 | 3.711938916728883 | 3.67054 | -60453.858053012350865 | 288.659730001881201 | 279.870806520375652 | 279.870806520375652 |
|    20    | -5 | 3.670538164384714 | 3.63058 | -60453.858053012350865 | 279.870806520375652 | 271.572386975439315 | 271.572386975439315 |
|    21    | -5 | 3.630582927737802 | 3.59199 | -60453.858053012350865 | 271.572386975439315 | 263.725526277871268 | 263.725526277871268 |
|    22    | -5 | 3.591985786643980 | 3.55467 | -60453.858053012350865 | 263.725526277871268 | 256.295254731368118 | 256.295254731368118 |
|    23    | -5 | 3.554666680056090 | 3.51855 | -60453.858053012350865 | 256.295254731368118 | 249.250085911217894 | 249.250085911217894 |
|    24    | -5 | 3.518552120028661 | 3.48357 | -60453.858053012350865 | 249.250085911217894 | 242.561595689024529 | 242.561595689024529 |
|    25    | -5 | 3.483574506643575 | 3.44967 | -60453.858053012350865 | 242.561595689024529 | 236.204060703373585 | 236.204060703373585 |
|    26    | -5 | 3.449671528817399 | 3.41679 | -60453.858053012350865 | 236.204060703373585 | 230.154146723103253 | 230.154146723103253 |
|    27    | -5 | 3.416785638488655 | 3.38486 | -60453.858053012350865 | 230.154146723103253 | 224.390639063578135 | 224.390639063578135 |
|    28    | -5 | 3.384863587744850 | 3.35386 | -60453.858053012350865 | 224.390639063578135 | 218.894208591997113 | 218.894208591997113 |
|    29    | -5 | 3.353856020132559 | 3.32372 | -60453.858053012350865 | 218.894208591997113 | 213.647207967802132 | 213.647207967802132 |
|    30    | -5 | 3.323717108775218 | 3.29440 | -60453.858053012350865 | 213.647207967802132 | 208.633493664463856 | 208.633493664463856 |
|    31    | -5 | 3.294404235062122 | 3.26588 | -60453.858053012350865 | 208.633493664463856 | 203.838270052446717 | 203.838270052446717 |
|    32    | -5 | 3.265877702615053 | 3.23810 | -60453.858053012350865 | 203.838270052446717 | 199.247952423601163 | 199.247952423601163 |
|    33    | -5 | 3.238100482023089 | 3.21104 | -60453.858053012350865 | 199.247952423601163 | 194.850046330869560 | 194.850046330869560 |
|    34    | -5 | 3.211037982490816 | 3.18466 | -60453.858053012350865 | 194.850046330869560 | 190.633041024729749 | 190.633041024729749 |
|    35    | -5 | 3.184657847093832 | 3.15893 | -60453.858053012350865 | 190.633041024729749 | 186.586315105589165 | 186.586315105589165 |
|    36    | -5 | 3.158929768797008 | 3.13383 | -60453.858053012350865 | 186.586315105589165 | 182.700052792398537 | 182.700052792398537 |
|    37    | -5 | 3.133825324780673 | 3.10932 | -60453.858053012350865 | 182.700052792398537 | 178.965169442463349 | 178.965169442463349 |
|    38    | -5 | 3.109317826949933 | 3.08538 | -60453.858053012350865 | 178.965169442463349 | 175.373245154132775 | 175.373245154132775 |
|    39    | -5 | 3.085382186782919 | 3.06199 | -60453.858053012350865 | 175.373245154132775 | 171.916465449445241 | 171.916465449445241 |
|    40    | -5 | 3.061994792912885 | 3.03913 | -60453.858053012350865 | 171.916465449445241 | 168.587568173353304 | 168.587568173353304 |
|    41    | -5 | 3.039133400043630 | 3.01678 | -60453.858053012350865 | 168.587568173353304 | 165.379795864239526 | 165.379795864239526 |
|    42    | -5 | 3.016777027973070 | 2.99491 | -60453.858053012350865 | 165.379795864239526 | 162.286852950683596 | 162.286852950683596 |
|    43    | -5 | 2.994905869650681 | 2.97350 | -60453.858053012350865 | 162.286852950683596 | 159.302867214775006 | 159.302867214775006 |
|    44    | -5 | 2.973501207324573 | 2.95255 | -60453.858053012350865 | 159.302867214775006 | 156.422355035128419 | 156.422355035128419 |
|    45    | -5 | 2.952545335946425 | 2.93202 | -60453.858053012350865 | 156.422355035128419 | 153.640189985125488 | 153.640189985125488 |
|    46    | -5 | 2.932021493100002 | 2.91191 | -60453.858053012350865 | 153.640189985125488 | 150.951574415440547 | 150.951574415440547 |
|    47    | -5 | 2.911913794803665 | 2.89221 | -60453.858053012350865 | 150.951574415440547 | 148.352013695970953 | 148.352013695970953 |
|    48    | -5 | 2.892207176611033 | 2.87289 | -60453.858053012350865 | 148.352013695970953 | 145.837292832024502 | 145.837292832024502 |
|    49    | -5 | 2.872887339498372 | 2.85394 | -60453.858053012350865 | 145.837292832024502 | 143.403455203974204 | 143.403455203974204 |
|    50    | -5 | 2.853940700083580 | 2.83535 | -60453.858053012350865 | 143.403455203974204 | 141.046783209360228 | 141.046783209360228 |
|    51    | -5 | 2.835354344771032 | 2.81712 | -60453.858053012350865 | 141.046783209360228 | 138.763780612281522 | 138.763780612281522 |
|    52    | -5 | 2.817115987459927 | 2.79921 | -60453.858053012350865 | 138.763780612281522 | 136.551156427426463 | 136.551156427426463 |
|    53    | -5 | 2.799213930491949 | 2.78164 | -60453.858053012350865 | 136.551156427426463 | 134.405810185725102 | 134.405810185725102 |
|    54    | -5 | 2.781637028547744 | 2.76437 | -60453.858053012350865 | 134.405810185725102 | 132.324818445767107 | 132.324818445767107 |
|    55    | -5 | 2.764374655231441 | 2.74742 | -60453.858053012350865 | 132.324818445767107 | 130.305422430154124 | 130.305422430154124 |
|    56    | -5 | 2.747416672108817 | 2.73075 | -60453.858053012350865 | 130.305422430154124 | 128.345016679144578 | 128.345016679144578 |
|    57    | -5 | 2.730753399988030 | 2.71438 | -60453.858053012350865 | 128.345016679144578 | 126.441138625536155 | 126.441138625536155 |
|    58    | -5 | 2.714375592252606 | 2.69827 | -60453.858053012350865 | 126.441138625536155 | 124.591459004940020 | 124.591459004940020 |
|    59    | -5 | 2.698274410074818 | 2.68244 | -60453.858053012350865 | 124.591459004940020 | 122.793773024605272 | 122.793773024605272 |
|    60    | -5 | 2.682441399354044 | 2.66687 | -60453.858053012350865 | 122.793773024605272 | 121.045992221908861 | 121.045992221908861 |
|    61    | -5 | 2.666868469239381 | 2.65155 | -60453.858053012350865 | 121.045992221908861 | 119.346136950669731 | 119.346136950669731 |
|    62    | -5 | 2.651547872108910 | 2.63647 | -60453.858053012350865 | 119.346136950669731 | 117.692329439689800 | 117.692329439689800 |
|    63    | -5 | 2.636472184889765 | 2.62163 | -60453.858053012350865 | 117.692329439689800 | 116.082787373470822 | 116.082787373470822 |
|    64    | -5 | 2.621634291613692 | 2.60703 | -60453.858053012350865 | 116.082787373470822 | 114.515817949985617 | 114.515817949985617 |
|    65    | -5 | 2.607027367112259 | 2.59264 | -60453.858053012350865 | 114.515817949985617 | 112.989812374775980 | 112.989812374775980 |
|    66    | -5 | 2.592644861764358 | 2.57848 | -60453.858053012350865 | 112.989812374775980 | 111.503240754566022 | 111.503240754566022 |
|    67    | -5 | 2.578480487216325 | 2.56453 | -60453.858053012350865 | 111.503240754566022 | 110.054647357080157 | 110.054647357080157 |
|    68    | -5 | 2.564528203001902 | 2.55078 | -60453.858053012350865 | 110.054647357080157 | 108.642646206884152 | 108.642646206884152 |
|    69    | -5 | 2.550782203995484 | 2.53724 | -60453.858053012350865 | 108.642646206884152 | 107.265916989871840 | 107.265916989871840 |
|    70    | -5 | 2.537236908637749 | 2.52389 | -60453.858053012350865 | 107.265916989871840 | 105.923201241534400 | 105.923201241534400 |
|    71    | -5 | 2.523886947877850 | 2.51073 | -60453.858053012350865 | 105.923201241534400 | 104.613298796406369 | 104.613298796406369 |
|    72    | -5 | 2.510727154780964 | 2.49775 | -60453.858053012350865 | 104.613298796406369 | 103.335064478113821 | 103.335064478113821 |
|    73    | -5 | 2.497752554754209 | 2.48496 | -60453.858053012350865 | 103.335064478113821 | 102.087405011277426 | 102.087405011277426 |
|    74    | -5 | 2.484958356347700 | 2.47234 | -60453.858053012350865 | 102.087405011277426 | 100.869276138169639 | 100.869276138169639 |
|    75    | -5 | 2.472339942591008 | 2.45989 | -60453.858053012350865 | 100.869276138169639 |  99.679679924513152 |  99.679679924513152 |
|    76    | -5 | 2.459892862828424 | 2.44761 | -60453.858053012350865 |  99.679679924513152 |  98.517662240149747 |  98.517662240149747 |
|    77    | -5 | 2.447612825019280 | 2.43550 | -60453.858053012350865 |  98.517662240149747 |  97.382310401523483 |  97.382310401523483 |
|    78    | -5 | 2.435495688472219 | 2.42354 | -60453.858053012350865 |  97.382310401523483 |  96.272750964022066 |  96.272750964022066 |
|    79    | -5 | 2.423537456984669 | 2.41173 | -60453.858053012350865 |  96.272750964022066 |  95.188147653216603 |  95.188147653216603 |
|    80    | -5 | 2.411734272360971 | 2.40008 | -60453.858053012350865 |  95.188147653216603 |  94.127699424944751 |  94.127699424944751 |
|    81    | -5 | 2.400082408284603 | 2.38858 | -60453.858053012350865 |  94.127699424944751 |  93.090638645003423 |  93.090638645003423 |
|    82    | -5 | 2.388578264521756 | 2.37722 | -60453.858053012350865 |  93.090638645003423 |  92.076229379964317 |  92.076229379964317 |
|    83    | -5 | 2.377218361435217 | 2.36600 | -60453.858053012350865 |  92.076229379964317 |  91.083765791304728 |  91.083765791304728 |
|    84    | -5 | 2.365999334789011 | 2.35492 | -60453.858053012350865 |  91.083765791304728 |  90.112570625665839 |  90.112570625665839 |
|    85    | -5 | 2.354917930825708 | 2.34397 | -60453.858053012350865 |  90.112570625665839 |  89.161993794615071 |  89.161993794615071 |
|    86    | -5 | 2.343971001599551 | 2.33316 | -60453.858053012350865 |  89.161993794615071 |  88.231411037803156 |  88.231411037803156 |
|    87    | -5 | 2.333155500549781 | 2.32247 | -60453.858053012350865 |  88.231411037803156 |  87.320222663880102 |  87.320222663880102 |
|    88    | -5 | 2.322468478299627 | 2.31191 | -60453.858053012350865 |  87.320222663880102 |  86.427852363960966 |  86.427852363960966 |
|    89    | -5 | 2.311907078667415 | 2.30147 | -60453.858053012350865 |  86.427852363960966 |  85.553746092828860 |  85.553746092828860 |
|    90    | -5 | 2.301468534877223 | 2.29115 | -60453.858053012350865 |  85.553746092828860 |  84.697371013422114 |  84.697371013422114 |
|    91    | -5 | 2.291150165957310 | 2.28095 | -60453.858053012350865 |  84.697371013422114 |  83.858214500483271 |  83.858214500483271 |
|    92    | -5 | 2.280949373315410 | 2.27086 | -60453.858053012350865 |  83.858214500483271 |  83.035783199550792 |  83.035783199550792 |
|    93    | -5 | 2.270863637480636 | 2.26089 | -60453.858053012350865 |  83.035783199550792 |  82.229602137753147 |  82.229602137753147 |
|    94    | -5 | 2.260890515002485 | 2.25103 | -60453.858053012350865 |  82.229602137753147 |  81.439213883120601 |  81.439213883120601 |
|    95    | -5 | 2.251027635498021 | 2.24127 | -60453.858053012350865 |  81.439213883120601 |  80.664177749364967 |  80.664177749364967 |
|    96    | -5 | 2.241272698838898 | 2.23162 | -60453.858053012350865 |  80.664177749364967 |  79.904069043294797 |  79.904069043294797 |
|    97    | -5 | 2.231623472470445 | 2.22208 | -60453.858053012350865 |  79.904069043294797 |  79.158478352232677 |  79.158478352232677 |
|    98    | -5 | 2.222077788855502 | 2.21263 | -60453.858053012350865 |  79.158478352232677 |  78.427010868984468 |  78.427010868984468 |
|    99    | -5 | 2.212633543036180 | 2.20329 | -60453.858053012350865 |  78.427010868984468 |  77.709285752080973 |  77.709285752080973 |
|   100    | -5 | 2.203288690307149 | 2.19404 | -60453.858053012350865 |  77.709285752080973 |  77.004935519167475 |  77.004935519167475 |
|   101    | -5 | 2.194041243994432 | 2.18489 | -60453.858053012350865 |  77.004935519167475 |  76.313605471563235 |  76.313605471563235 |
|   102    | -5 | 2.184889273334093 | 2.17583 | -60453.858053012350865 |  76.313605471563235 |  75.634953148143921 |  75.634953148143921 |
|   103    | -5 | 2.175830901445514 | 2.16686 | -60453.858053012350865 |  75.634953148143921 |  74.968647806826027 |  74.968647806826027 |
|   104    | -5 | 2.166864303394302 | 2.15799 | -60453.858053012350865 |  74.968647806826027 |  74.314369932044627 |  74.314369932044627 |
|   105    | -5 | 2.157987704340166 | 2.14920 | -60453.858053012350865 |  74.314369932044627 |  73.671810766723070 |  73.671810766723070 |
|   106    | -5 | 2.149199377765354 | 2.14050 | -60453.858053012350865 |  73.671810766723070 |  73.040671867330644 |  73.040671867330644 |
|   107    | -5 | 2.140497643779552 | 2.13188 | -60453.858053012350865 |  73.040671867330644 |  72.420664680715305 |  72.420664680715305 |
|   108    | -5 | 2.131880867497334 | 2.12335 | -60453.858053012350865 |  72.420664680715305 |  71.811510141483012 |  71.811510141483012 |
|   109    | -5 | 2.123347457484522 | 2.11490 | -60453.858053012350865 |  71.811510141483012 |  71.212938288773529 |  71.212938288773529 |
|   110    | -5 | 2.114895864269998 | 2.10652 | -60453.858053012350865 |  71.212938288773529 |  70.624687901355657 |  70.624687901355657 |
|   111    | -5 | 2.106524578919732 | 2.09823 | -60453.858053012350865 |  70.624687901355657 |  70.046506150031945 |  70.046506150031945 |
|   112    | -5 | 2.098232131669948 | 2.09002 | -60453.858053012350865 |  70.046506150031945 |  69.478148266406095 |  69.478148266406095 |
|   113    | -5 | 2.090017090616551 | 2.08188 | -60453.858053012350865 |  69.478148266406095 |  68.919377227125409 |  68.919377227125409 |
|   114    | -5 | 2.081878060458085 | 2.07381 | -60453.858053012350865 |  68.919377227125409 |  68.369963452763926 |  68.369963452763926 |
|   115    | -5 | 2.073813681289634 | 2.06582 | -60453.858053012350865 |  68.369963452763926 |  67.829684520564072 |  67.829684520564072 |
|   116    | -5 | 2.065822627445254 | 2.05790 | -60453.858053012350865 |  67.829684520564072 |  67.298324890300620 |  67.298324890300620 |
|   117    | -5 | 2.057903606386615 | 2.05006 | -60453.858053012350865 |  67.298324890300620 |  66.775675642576317 |  66.775675642576317 |
|   118    | -5 | 2.050055357635696 | 2.04228 | -60453.858053012350865 |  66.775675642576317 |  66.261534228898626 |  66.261534228898626 |
|   119    | -5 | 2.042276651749462 | 2.03457 | -60453.858053012350865 |  66.261534228898626 |  65.755704232925666 |  65.755704232925666 |
|   120    | -5 | 2.034566289334586 | 2.02692 | -60453.858053012350865 |  65.755704232925666 |  65.257995142306072 |  65.257995142306072 |
|   121    | -5 | 2.026923100100368 | 2.01935 | -60453.858053012350865 |  65.257995142306072 |  64.768222130570564 |  64.768222130570564 |
|   122    | -5 | 2.019345941948111 | 2.01183 | -60453.858053012350865 |  64.768222130570564 |  64.286205848563810 |  64.286205848563810 |
|   123    | -5 | 2.011833700095289 | 2.00439 | -60453.858053012350865 |  64.286205848563810 |  63.811772224935901 |  63.811772224935901 |
|   124    | -5 | 2.004385286232958 | 1.99700 | -60453.858053012350865 |  63.811772224935901 |  63.344752275239053 |  63.344752275239053 |
|   125    | -5 | 1.996999637714905 | 1.98968 | -60453.858053012350865 |  63.344752275239053 |  62.884981919201579 |  62.884981919201579 |
|   126    | -5 | 1.989675716777134 | 1.98241 | -60453.858053012350865 |  62.884981919201579 |  62.432301805774820 |  62.432301805774820 |
|   127    | -5 | 1.982412509786353 | 1.97521 | -60453.858053012350865 |  62.432301805774820 |  61.986557145571588 |  61.986557145571588 |
|   128    | -5 | 1.975209026516188 | 1.96806 | -60453.858053012350865 |  61.986557145571588 |  61.547597550336008 |  61.547597550336008 |
|   129    | -5 | 1.968064299449916 | 1.96098 | -60453.858053012350865 |  61.547597550336008 |  61.115276879104094 |  61.115276879104094 |
|   130    | -5 | 1.960977383108583 | 1.95395 | -60453.858053012350865 |  61.115276879104094 |  60.689453090733352 |  60.689453090733352 |
|   131    | -5 | 1.953947353403394 | 1.94697 | -60453.858053012350865 |  60.689453090733352 |  60.269988102497173 |  60.269988102497173 |
|   132    | -5 | 1.946973307011372 | 1.94005 | -60453.858053012350865 |  60.269988102497173 |  59.856747654456193 |  59.856747654456193 |
|   133    | -5 | 1.940054360773272 | 1.93319 | -60453.858053012350865 |  59.856747654456193 |  59.449601179334294 |  59.449601179334294 |
|   134    | -5 | 1.933189651112836 | 1.92638 | -60453.858053012350865 |  59.449601179334294 |  59.048421677641265 |  59.048421677641265 |
|   135    | -5 | 1.926378333476478 | 1.91962 | -60453.858053012350865 |  59.048421677641265 |  58.653085597798210 |  58.653085597798210 |
|   136    | -5 | 1.919619581792570 | 1.91291 | -60453.858053012350865 |  58.653085597798210 |  58.263472721034255 |  58.263472721034255 |
|   137    | -5 | 1.912912587949504 | 1.90626 | -60453.858053012350865 |  58.263472721034255 |  57.879466050835418 |  57.879466050835418 |
|   138    | -5 | 1.906256561291777 | 1.89965 | -60453.858053012350865 |  57.879466050835418 |  57.500951706737744 |  57.500951706737744 |
|   139    | -5 | 1.899650728133347 | 1.89309 | -60453.858053012350865 |  57.500951706737744 |  57.127818822267919 |  57.127818822267919 |
|   140    | -5 | 1.893094331287578 | 1.88659 | -60453.858053012350865 |  57.127818822267919 |  56.759959446844093 |  56.759959446844093 |
|   141    | -5 | 1.886586629613098 | 1.88013 | -60453.858053012350865 |  56.759959446844093 |  56.397268451459816 |  56.397268451459816 |
|   142    | -5 | 1.880126897574937 | 1.87371 | -60453.858053012350865 |  56.397268451459816 |  56.039643437982477 |  56.039643437982477 |
|   143    | -5 | 1.873714424820339 | 1.86735 | -60453.858053012350865 |  56.039643437982477 |  55.686984651906428 |  55.686984651906428 |
|   144    | -5 | 1.867348515768669 | 1.86103 | -60453.858053012350865 |  55.686984651906428 |  55.339194898408920 |  55.339194898408920 |
|   145    | -5 | 1.861028489214861 | 1.85475 | -60453.858053012350865 |  55.339194898408920 |  54.996179461564459 |  54.996179461564459 |
|   146    | -5 | 1.854753677945880 | 1.84852 | -60453.858053012350865 |  54.996179461564459 |  54.657846026580366 |  54.657846026580366 |
|   147    | -5 | 1.848523428369698 | 1.84234 | -60453.858053012350865 |  54.657846026580366 |  54.324104604923242 |  54.324104604923242 |
|   148    | -5 | 1.842337100156296 | 1.83619 | -60453.858053012350865 |  54.324104604923242 |  53.994867462211985 |  53.994867462211985 |
|   149    | -5 | 1.836194065890240 | 1.83009 | -60453.858053012350865 |  53.994867462211985 |  53.670049048759680 |  53.670049048759680 |
|   150    | -5 | 1.830093710734376 | 1.82404 | -60453.858053012350865 |  53.670049048759680 |  53.349565932651679 |  53.349565932651679 |
|   151    | -5 | 1.824035432104245 | 1.81802 | -60453.858053012350865 |  53.349565932651679 |  53.033336735253215 |  53.033336735253215 |
|   152    | -5 | 1.818018639352801 | 1.81204 | -60453.858053012350865 |  53.033336735253215 |  52.721282069044584 |  52.721282069044584 |
|   153    | -5 | 1.812042753465044 | 1.80611 | -60453.858053012350865 |  52.721282069044584 |  52.413324477686729 |  52.413324477686729 |
|   154    | -5 | 1.806107206762215 | 1.80021 | -60453.858053012350865 |  52.413324477686729 |  52.109388378225312 |  52.109388378225312 |
|   155    | -5 | 1.800211442615183 | 1.79435 | -60453.858053012350865 |  52.109388378225312 |  51.809400005344528 |  51.809400005344528 |
|   156    | -5 | 1.794354915166704 | 1.78854 | -60453.858053012350865 |  51.809400005344528 |  51.513287357587195 |  51.513287357587195 |
|   157    | -5 | 1.788537089062208 | 1.78276 | -60453.858053012350865 |  51.513287357587195 |  51.220980145460857 |  51.220980145460857 |
|   158    | -5 | 1.782757439188822 | 1.77702 | -60453.858053012350865 |  51.220980145460857 |  50.932409741353460 |  50.932409741353460 |
|   159    | -5 | 1.777015450422329 | 1.77131 | -60453.858053012350865 |  50.932409741353460 |  50.647509131185892 |  50.647509131185892 |
|   160    | -5 | 1.771310617381764 | 1.76564 | -60453.858053012350865 |  50.647509131185892 |  50.366212867731569 |  50.366212867731569 |
|   161    | -5 | 1.765642444191394 | 1.76001 | -60453.858053012350865 |  50.366212867731569 |  50.088457025537011 |  50.088457025537011 |
|   162    | -5 | 1.760010444249809 | 1.75441 | -60453.858053012350865 |  50.088457025537011 |  49.814179157379684 |  49.814179157379684 |
|   163    | -5 | 1.754414140005873 | 1.74885 | -60453.858053012350865 |  49.814179157379684 |  49.543318252202795 |  49.543318252202795 |
|   164    | -5 | 1.748853062741301 | 1.74333 | -60453.858053012350865 |  49.543318252202795 |  49.275814694468878 |  49.275814694468878 |
|   165    | -5 | 1.743326752359625 | 1.73783 | -60453.858053012350865 |  49.275814694468878 |  49.011610224877380 |  49.011610224877380 |
|   166    | -5 | 1.737834757181324 | 1.73238 | -60453.858053012350865 |  49.011610224877380 |  48.750647902392870 |  48.750647902392870 |
|   167    | -5 | 1.732376633744920 | 1.72695 | -60453.858053012350865 |  48.750647902392870 |  48.492872067533590 |  48.492872067533590 |
|   168    | -5 | 1.726951946613818 | 1.72156 | -60453.858053012350865 |  48.492872067533590 |  48.238228306872173 |  48.238228306872173 |
|   169    | -5 | 1.721560268188701 | 1.71620 | -60453.858053012350865 |  48.238228306872173 |  47.986663418701909 |  47.986663418701909 |
|   170    | -5 | 1.716201178525301 | 1.71087 | -60453.858053012350865 |  47.986663418701909 |  47.738125379824808 |  47.738125379824808 |
|   171    | -5 | 1.710874265157341 | 1.70558 | -60453.858053012350865 |  47.738125379824808 |  47.492563313418685 |  47.492563313418685 |
|   172    | -5 | 1.705579122924503 | 1.70032 | -60453.858053012350865 |  47.492563313418685 |  47.249927457943144 |  47.249927457943144 |
|   173    | -5 | 1.700315353805228 | 1.69508 | -60453.858053012350865 |  47.249927457943144 |  47.010169137045359 |  47.010169137045359 |
|   174    | -5 | 1.695082566754207 | 1.68988 | -60453.858053012350865 |  47.010169137045359 |  46.773240730428732 |  46.773240730428732 |
|   175    | -5 | 1.689880377544394 | 1.68471 | -60453.858053012350865 |  46.773240730428732 |  46.539095645648672 |  46.539095645648672 |
|   176    | -5 | 1.684708408613402 | 1.67957 | -60453.858053012350865 |  46.539095645648672 |  46.307688290801501 |  46.307688290801501 |
|   177    | -5 | 1.679566288914133 | 1.67445 | -60453.858053012350865 |  46.307688290801501 |  46.078974048073889 |  46.078974048073889 |
|   178    | -5 | 1.674453653769505 | 1.66937 | -60453.858053012350865 |  46.078974048073889 |  45.852909248121165 |  45.852909248121165 |
|   179    | -5 | 1.669370144731147 | 1.66432 | -60453.858053012350865 |  45.852909248121165 |  45.629451145245007 |  45.629451145245007 |
|   180    | -5 | 1.664315409441928 | 1.65929 | -60453.858053012350865 |  45.629451145245007 |  45.408557893341126 |  45.408557893341126 |
|   181    | -5 | 1.659289101502200 | 1.65429 | -60453.858053012350865 |  45.408557893341126 |  45.190188522589843 |  45.190188522589843 |
|   182    | -5 | 1.654290880339639 | 1.64932 | -60453.858053012350865 |  45.190188522589843 |  44.974302916862754 |  44.974302916862754 |
|   183    | -5 | 1.649320411082566 | 1.64438 | -60453.858053012350865 |  44.974302916862754 |  44.760861791820048 |  44.760861791820048 |
|   184    | -5 | 1.644377364436642 | 1.63946 | -60453.858053012350865 |  44.760861791820048 |  44.549826673674389 |  44.549826673674389 |
|   185    | -5 | 1.639461416564823 | 1.63457 | -60453.858053012350865 |  44.549826673674389 |  44.341159878597466 |  44.341159878597466 |
|   186    | -5 | 1.634572248970483 | 1.62971 | -60453.858053012350865 |  44.341159878597466 |  44.134824492747200 |  44.134824492747200 |
|   187    | -5 | 1.629709548383603 | 1.62487 | -60453.858053012350865 |  44.134824492747200 |  43.930784352893582 |  43.930784352893582 |
|   188    | -5 | 1.624873006649925 | 1.62006 | -60453.858053012350865 |  43.930784352893582 |  43.729004027622736 |  43.729004027622736 |
|   189    | -5 | 1.620062320622989 | 1.61528 | -60453.858053012350865 |  43.729004027622736 |  43.529448799099093 |  43.529448799099093 |
|   190    | -5 | 1.615277192058957 | 1.61052 | -60453.858053012350865 |  43.529448799099093 |  43.332084645366422 |  43.332084645366422 |
|   191    | -5 | 1.610517327514146 | 1.60578 | -60453.858053012350865 |  43.332084645366422 |  43.136878223169717 |  43.136878223169717 |
|   192    | -5 | 1.605782438245178 | 1.60107 | -60453.858053012350865 |  43.136878223169717 |  42.943796851279707 |  42.943796851279707 |
|   193    | -5 | 1.601072240111680 | 1.59639 | -60453.858053012350865 |  42.943796851279707 |  42.752808494303423 |  42.752808494303423 |
|   194    | -5 | 1.596386453481447 | 1.59172 | -60453.858053012350865 |  42.752808494303423 |  42.563881746964178 |  42.563881746964178 |
|   195    | -5 | 1.591724803137997 | 1.58709 | -60453.858053012350865 |  42.563881746964178 |  42.376985818835323 |  42.376985818835323 |
|   196    | -5 | 1.587087018190453 | 1.58247 | -60453.858053012350865 |  42.376985818835323 |  42.192090519512774 |  42.192090519512774 |
|   197    | -5 | 1.582472831985673 | 1.57788 | -60453.858053012350865 |  42.192090519512774 |  42.009166244211400 |  42.009166244211400 |
|   198    | -5 | 1.577881982022569 | 1.57331 | -60453.858053012350865 |  42.009166244211400 |  41.828183959771636 |  41.828183959771636 |
|   199    | -5 | 1.573314209868546 | 1.56877 | -60453.858053012350865 |  41.828183959771636 |  41.649115191062577 |  41.649115191062577 |
|   200    | -5 | 1.568769261078004 | 1.56425 | -60453.858053012350865 |  41.649115191062577 |  41.471932007768693 |  41.471932007768693 |
|   201    | -5 | 1.564246885112836 | 1.55975 | -60453.858053012350865 |  41.471932007768693 |  41.296607011547493 |  41.296607011547493 |
|   202    | -5 | 1.559746835264872 | 1.55527 | -60453.858053012350865 |  41.296607011547493 |  41.123113323546391 |  41.123113323546391 |
|   203    | -5 | 1.555268868580208 | 1.55081 | -60453.858053012350865 |  41.123113323546391 |  40.951424572266859 |  40.951424572266859 |
|   204    | -5 | 1.550812745785365 | 1.54638 | -60453.858053012350865 |  40.951424572266859 |  40.781514881764807 |  40.781514881764807 |
|   205    | -5 | 1.546378231215227 | 1.54197 | -60453.858053012350865 |  40.781514881764807 |  40.613358860176589 |  40.613358860176589 |
|   206    | -5 | 1.541965092742712 | 1.53757 | -60453.858053012350865 |  40.613358860176589 |  40.446931588559870 |  40.446931588559870 |
|   207    | -5 | 1.537573101710121 | 1.53320 | -60453.858053012350865 |  40.446931588559870 |  40.282208610039817 |  40.282208610039817 |
|   208    | -5 | 1.533202032862113 | 1.52885 | -60453.858053012350865 |  40.282208610039817 |  40.119165919250605 |  40.119165919250605 |
|   209    | -5 | 1.528851664280277 | 1.52452 | -60453.858053012350865 |  40.119165919250605 |  39.957779952063120 |  39.957779952063120 |
|   210    | -5 | 1.524521777319242 | 1.52021 | -60453.858053012350865 |  39.957779952063120 |  39.798027575589813 |  39.798027575589813 |
|   211    | -5 | 1.520212156544278 | 1.51592 | -60453.858053012350865 |  39.798027575589813 |  39.639886078458190 |  39.639886078458190 |
|   212    | -5 | 1.515922589670371 | 1.51165 | -60453.858053012350865 |  39.639886078458190 |  39.483333161344376 |  39.483333161344376 |
|   213    | -5 | 1.511652867502698 | 1.50740 | -60453.858053012350865 |  39.483333161344376 |  39.328346927758929 |  39.328346927758929 |
|   214    | -5 | 1.507402783878496 | 1.50317 | -60453.858053012350865 |  39.328346927758929 |  39.174905875077002 |  39.174905875077002 |
|   215    | -5 | 1.503172135610260 | 1.49896 | -60453.858053012350865 |  39.174905875077002 |  39.022988885805418 |  39.022988885805418 |
|   216    | -5 | 1.498960722430247 | 1.49477 | -60453.858053012350865 |  39.022988885805418 |  38.872575219079380 |  38.872575219079380 |
|   217    | -5 | 1.494768346936261 | 1.49059 | -60453.858053012350865 |  38.872575219079380 |  38.723644502381930 |  38.723644502381930 |
|   218    | -5 | 1.490594814538652 | 1.48644 | -60453.858053012350865 |  38.723644502381930 |  38.576176723479193 |  38.576176723479193 |
|   219    | -5 | 1.486439933408533 | 1.48230 | -60453.858053012350865 |  38.576176723479193 |  38.430152222565283 |  38.430152222565283 |
|   220    | -5 | 1.482303514427158 | 1.47819 | -60453.858053012350865 |  38.430152222565283 |  38.285551684610112 |  38.285551684610112 |
|   221    | -5 | 1.478185371136445 | 1.47409 | -60453.858053012350865 |  38.285551684610112 |  38.142356131904414 |  38.142356131904414 |
|   222    | -5 | 1.474085319690593 | 1.47000 | -60453.858053012350865 |  38.142356131904414 |  38.000546916795898 |  38.000546916795898 |
|   223    | -5 | 1.470003178808793 | 1.46594 | -60453.858053012350865 |  38.000546916795898 |  37.860105714610995 |  37.860105714610995 |
|   224    | -5 | 1.465938769728983 | 1.46189 | -60453.858053012350865 |  37.860105714610995 |  37.721014516756540 |  37.721014516756540 |
|   225    | -5 | 1.461891916162619 | 1.45786 | -60453.858053012350865 |  37.721014516756540 |  37.583255623996351 |  37.583255623996351 |
|   226    | -5 | 1.457862444250452 | 1.45385 | -60453.858053012350865 |  37.583255623996351 |  37.446811639897341 |  37.446811639897341 |
|   227    | -5 | 1.453850182519266 | 1.44985 | -60453.858053012350865 |  37.446811639897341 |  37.311665464440338 |  37.311665464440338 |
|   228    | -5 | 1.449854961839573 | 1.44588 | -60453.858053012350865 |  37.311665464440338 |  37.177800287790816 |  37.177800287790816 |
|   229    | -5 | 1.445876615384209 | 1.44191 | -60453.858053012350865 |  37.177800287790816 |  37.045199584224925 |  37.045199584224925 |
|   230    | -5 | 1.441914978587847 | 1.43797 | -60453.858053012350865 |  37.045199584224925 |  36.913847106206227 |  36.913847106206227 |
|   231    | -5 | 1.437969889107369 | 1.43404 | -60453.858053012350865 |  36.913847106206227 |  36.783726878609016 |  36.783726878609016 |
|   232    | -5 | 1.434041186783100 | 1.43013 | -60453.858053012350865 |  36.783726878609016 |  36.654823193083899 |  36.654823193083899 |
|   233    | -5 | 1.430128713600859 | 1.42623 | -60453.858053012350865 |  36.654823193083899 |  36.527120602561482 |  36.527120602561482 |
|   234    | -5 | 1.426232313654835 | 1.42235 | -60453.858053012350865 |  36.527120602561482 |  36.400603915890528 |  36.400603915890528 |
|   235    | -5 | 1.422351833111237 | 1.41849 | -60453.858053012350865 |  36.400603915890528 |  36.275258192606529 |  36.275258192606529 |
|   236    | -5 | 1.418487120172721 | 1.41464 | -60453.858053012350865 |  36.275258192606529 |  36.151068737827131 |  36.151068737827131 |
|   237    | -5 | 1.414638025043565 | 1.41080 | -60453.858053012350865 |  36.151068737827131 |  36.028021097270894 |  36.028021097270894 |
|   238    | -5 | 1.410804399895569 | 1.40699 | -60453.858053012350865 |  36.028021097270894 |  35.906101052395762 |  35.906101052395762 |
|   239    | -5 | 1.406986098834679 | 1.40318 | -60453.858053012350865 |  35.906101052395762 |  35.785294615654209 |  35.785294615654209 |
|   240    | -5 | 1.403182977868293 | 1.39939 | -60453.858053012350865 |  35.785294615654209 |  35.665588025861531 |  35.665588025861531 |
|   241    | -5 | 1.399394894873257 | 1.39562 | -60453.858053012350865 |  35.665588025861531 |  35.546967743674330 |  35.546967743674330 |
|   242    | -5 | 1.395621709564512 | 1.39186 | -60453.858053012350865 |  35.546967743674330 |  35.429420447176128 |  35.429420447176128 |
|   243    | -5 | 1.391863283464393 | 1.38812 | -60453.858053012350865 |  35.429420447176128 |  35.312933027567155 |  35.312933027567155 |
|   244    | -5 | 1.388119479872558 | 1.38439 | -60453.858053012350865 |  35.312933027567155 |  35.197492584955448 |  35.197492584955448 |
|   245    | -5 | 1.384390163836520 | 1.38068 | -60453.858053012350865 |  35.197492584955448 |  35.083086424246552 |  35.083086424246552 |
|   246    | -5 | 1.380675202122798 | 1.37697 | -60453.858053012350865 |  35.083086424246552 |  34.969702051129225 |  34.969702051129225 |
|   247    | -5 | 1.376974463188633 | 1.37329 | -60453.858053012350865 |  34.969702051129225 |  34.857327168154264 |  34.857327168154264 |
|   248    | -5 | 1.373287817154289 | 1.36962 | -60453.858053012350865 |  34.857327168154264 |  34.745949670904366 |  34.745949670904366 |
|   249    | -5 | 1.369615135775901 | 1.36596 | -60453.858053012350865 |  34.745949670904366 |  34.635557644252238 |  34.635557644252238 |
|   250    | -5 | 1.365956292418880 | 1.36231 | -60453.858053012350865 |  34.635557644252238 |  34.526139358704754 |  34.526139358704754 |
|   251    | -5 | 1.362311162031834 | 1.35868 | -60453.858053012350865 |  34.526139358704754 |  34.417683266830878 |  34.417683266830878 |
|   252    | -5 | 1.358679621121017 | 1.35506 | -60453.858053012350865 |  34.417683266830878 |  34.310177999771106 |  34.310177999771106 |
|   253    | -5 | 1.355061547725288 | 1.35146 | -60453.858053012350865 |  34.310177999771106 |  34.203612363826210 |  34.203612363826210 |
|   254    | -5 | 1.351456821391549 | 1.34787 | -60453.858053012350865 |  34.203612363826210 |  34.097975337123344 |  34.097975337123344 |
|   255    | -5 | 1.347865323150685 | 1.34429 | -60453.858053012350865 |  34.097975337123344 |  33.993256066357397 |  33.993256066357397 |
|   256    | -5 | 1.344286935493963 | 1.34072 | -60453.858053012350865 |  33.993256066357397 |  33.889443863605521 |  33.889443863605521 |
|   257    | -5 | 1.340721542349897 | 1.33717 | -60453.858053012350865 |  33.889443863605521 |  33.786528203213223 |  33.786528203213223 |
|   258    | -5 | 1.337169029061561 | 1.33363 | -60453.858053012350865 |  33.786528203213223 |  33.684498718749808 |  33.684498718749808 |
|   259    | -5 | 1.333629282364341 | 1.33010 | -60453.858053012350865 |  33.684498718749808 |  33.583345200031737 |  33.583345200031737 |
|   260    | -5 | 1.330102190364127 | 1.32659 | -60453.858053012350865 |  33.583345200031737 |  33.483057590211807 |  33.483057590211807 |
|   261    | -5 | 1.326587642515906 | 1.32309 | -60453.858053012350865 |  33.483057590211807 |  33.383625982932735 |  33.383625982932735 |
|   262    | -5 | 1.323085529602783 | 1.31960 | -60453.858053012350865 |  33.383625982932735 |  33.285040619543416 |  33.285040619543416 |
|   263    | -5 | 1.319595743715396 | 1.31612 | -60453.858053012350865 |  33.285040619543416 |  33.187291886376109 |  33.187291886376109 |
|   264    | -5 | 1.316118178231719 | 1.31265 | -60453.858053012350865 |  33.187291886376109 |  33.090370312083358 |  33.090370312083358 |
|   265    | -5 | 1.312652727797257 | 1.30920 | -60453.858053012350865 |  33.090370312083358 |  32.994266565032660 |  32.994266565032660 |
|   266    | -5 | 1.309199288305608 | 1.30576 | -60453.858053012350865 |  32.994266565032660 |  32.898971450757898 |  32.898971450757898 |
|   267    | -5 | 1.305757756879400 | 1.30233 | -60453.858053012350865 |  32.898971450757898 |  32.804475909465800 |  32.804475909465800 |
|   268    | -5 | 1.302328031851572 | 1.29891 | -60453.858053012350865 |  32.804475909465800 |  32.710771013596116 |  32.710771013596116 |
|   269    | -5 | 1.298910012747020 | 1.29550 | -60453.858053012350865 |  32.710771013596116 |  32.617847965434279 |  32.617847965434279 |
|   270    | -5 | 1.295503600264579 | 1.29211 | -60453.858053012350865 |  32.617847965434279 |  32.525698094775166 |  32.525698094775166 |
|   271    | -5 | 1.292108696259336 | 1.28873 | -60453.858053012350865 |  32.525698094775166 |  32.434312856636595 |  32.434312856636595 |
|   272    | -5 | 1.288725203725278 | 1.28535 | -60453.858053012350865 |  32.434312856636595 |  32.343683829021529 |  32.343683829021529 |
|   273    | -5 | 1.285353026778255 | 1.28199 | -60453.858053012350865 |  32.343683829021529 |  32.253802710727726 |  32.253802710727726 |
|   274    | -5 | 1.281992070639260 | 1.27864 | -60453.858053012350865 |  32.253802710727726 |  32.164661319203503 |  32.164661319203503 |
|   275    | -5 | 1.278642241618013 | 1.27530 | -60453.858053012350865 |  32.164661319203503 |  32.076251588448734 |  32.076251588448734 |
|   276    | -5 | 1.275303447096841 | 1.27198 | -60453.858053012350865 |  32.076251588448734 |  31.988565566959849 |  31.988565566959849 |
|   277    | -5 | 1.271975595514863 | 1.26866 | -60453.858053012350865 |  31.988565566959849 |  31.901595415717736 |  31.901595415717736 |
|   278    | -5 | 1.268658596352453 | 1.26535 | -60453.858053012350865 |  31.901595415717736 |  31.815333406217654 |  31.815333406217654 |
|   279    | -5 | 1.265352360115982 | 1.26206 | -60453.858053012350865 |  31.815333406217654 |  31.729771918539932 |  31.729771918539932 |
|   280    | -5 | 1.262056798322844 | 1.25877 | -60453.858053012350865 |  31.729771918539932 |  31.644903439460709 |  31.644903439460709 |
|   281    | -5 | 1.258771823486742 | 1.25550 | -60453.858053012350865 |  31.644903439460709 |  31.560720560601553 |  31.560720560601553 |
|   282    | -5 | 1.255497349103245 | 1.25223 | -60453.858053012350865 |  31.560720560601553 |  31.477215976617167 |  31.477215976617167 |
|   283    | -5 | 1.252233289635596 | 1.24898 | -60453.858053012350865 |  31.477215976617167 |  31.394382483420188 |  31.394382483420188 |
|   284    | -5 | 1.248979560500776 | 1.24574 | -60453.858053012350865 |  31.394382483420188 |  31.312212976442293 |  31.312212976442293 |
|   285    | -5 | 1.245736078055817 | 1.24250 | -60453.858053012350865 |  31.312212976442293 |  31.230700448930641 |  31.230700448930641 |
|   286    | -5 | 1.242502759584352 | 1.23928 | -60453.858053012350865 |  31.230700448930641 |  31.149837990278918 |  31.149837990278918 |
|   287    | -5 | 1.239279523283404 | 1.23607 | -60453.858053012350865 |  31.149837990278918 |  31.069618784392109 |  31.069618784392109 |
|   288    | -5 | 1.236066288250409 | 1.23286 | -60453.858053012350865 |  31.069618784392109 |  30.990036108084240 |  30.990036108084240 |
|   289    | -5 | 1.232862974470463 | 1.22967 | -60453.858053012350865 |  30.990036108084240 |  30.911083329508330 |  30.911083329508330 |
|   290    | -5 | 1.229669502803791 | 1.22649 | -60453.858053012350865 |  30.911083329508330 |  30.832753906617718 |  30.832753906617718 |
|   291    | -5 | 1.226485794973438 | 1.22331 | -60453.858053012350865 |  30.832753906617718 |  30.755041385658238 |  30.755041385658238 |
|   292    | -5 | 1.223311773553169 | 1.22015 | -60453.858053012350865 |  30.755041385658238 |  30.677939399690235 |  30.677939399690235 |
|   293    | -5 | 1.220147361955582 | 1.21699 | -60453.858053012350865 |  30.677939399690235 |  30.601441667140016 |  30.601441667140016 |
|   294    | -5 | 1.216992484420419 | 1.21385 | -60453.858053012350865 |  30.601441667140016 |  30.525541990379907 |  30.525541990379907 |
|   295    | -5 | 1.213847066003086 | 1.21071 | -60453.858053012350865 |  30.525541990379907 |  30.450234254336266 |  30.450234254336266 |
|   296    | -5 | 1.210711032563361 | 1.20758 | -60453.858053012350865 |  30.450234254336266 |  30.375512425124899 |  30.375512425124899 |
|   297    | -5 | 1.207584310754304 | 1.20447 | -60453.858053012350865 |  30.375512425124899 |  30.301370548713166 |  30.301370548713166 |
|   298    | -5 | 1.204466828011346 | 1.20136 | -60453.858053012350865 |  30.301370548713166 |  30.227802749608205 |  30.227802749608205 |
|   299    | -5 | 1.201358512541568 | 1.19826 | -60453.858053012350865 |  30.227802749608205 |  30.154803229570703 |  30.154803229570703 |
|   300    | -5 | 1.198259293313163 | 1.19517 | -60453.858053012350865 |  30.154803229570703 |  30.082366266353613 |  30.082366266353613 |
|   301    | -5 | 1.195169100045068 | 1.19209 | -60453.858053012350865 |  30.082366266353613 |  30.010486212465288 |  30.010486212465288 |
|   302    | -5 | 1.192087863196779 | 1.18902 | -60453.858053012350865 |  30.010486212465288 |  29.939157493956422 |  29.939157493956422 |
|   303    | -5 | 1.189015513958332 | 1.18595 | -60453.858053012350865 |  29.939157493956422 |  29.868374609230337 |  29.868374609230337 |
|   304    | -5 | 1.185951984240446 | 1.18290 | -60453.858053012350865 |  29.868374609230337 |  29.798132127876062 |  29.798132127876062 |
|   305    | -5 | 1.182897206664843 | 1.17985 | -60453.858053012350865 |  29.798132127876062 |  29.728424689523713 |  29.728424689523713 |
|   306    | -5 | 1.179851114554715 | 1.17681 | -60453.858053012350865 |  29.728424689523713 |  29.659247002721656 |  29.659247002721656 |
|   307    | -5 | 1.176813641925355 | 1.17378 | -60453.858053012350865 |  29.659247002721656 |  29.590593843834995 |  29.590593843834995 |
|   308    | -5 | 1.173784723474947 | 1.17076 | -60453.858053012350865 |  29.590593843834995 |  29.522460055964913 |  29.522460055964913 |
|   309    | -5 | 1.170764294575492 | 1.16775 | -60453.858053012350865 |  29.522460055964913 |  29.454840547888416 |  29.454840547888416 |
|   310    | -5 | 1.167752291263905 | 1.16475 | -60453.858053012350865 |  29.454840547888416 |  29.387730293018016 |  29.387730293018016 |
|   311    | -5 | 1.164748650233233 | 1.16175 | -60453.858053012350865 |  29.387730293018016 |  29.321124328380925 |  29.321124328380925 |
|   312    | -5 | 1.161753308824037 | 1.15877 | -60453.858053012350865 |  29.321124328380925 |  29.255017753617324 |  29.255017753617324 |
|   313    | -5 | 1.158766205015901 | 1.15579 | -60453.858053012350865 |  29.255017753617324 |  29.189405729997375 |  29.189405729997375 |
|   314    | -5 | 1.155787277419080 | 1.15282 | -60453.858053012350865 |  29.189405729997375 |  29.124283479456402 |  29.124283479456402 |
|   315    | -5 | 1.152816465266292 | 1.14985 | -60453.858053012350865 |  29.124283479456402 |  29.059646283648064 |  29.059646283648064 |
|   316    | -5 | 1.149853708404625 | 1.14690 | -60453.858053012350865 |  29.059646283648064 |  28.995489483014950 |  28.995489483014950 |
|   317    | -5 | 1.146898947287595 | 1.14395 | -60453.858053012350865 |  28.995489483014950 |  28.931808475876295 |  28.931808475876295 |
|   318    | -5 | 1.143952122967310 | 1.14101 | -60453.858053012350865 |  28.931808475876295 |  28.868598717532549 |  28.868598717532549 |
|   319    | -5 | 1.141013177086776 | 1.13808 | -60453.858053012350865 |  28.868598717532549 |  28.805855719386187 |  28.805855719386187 |
|   320    | -5 | 1.138082051872312 | 1.13516 | -60453.858053012350865 |  28.805855719386187 |  28.743575048078753 |  28.743575048078753 |
|   321    | -5 | 1.135158690126097 | 1.13224 | -60453.858053012350865 |  28.743575048078753 |  28.681752324643455 |  28.681752324643455 |
|   322    | -5 | 1.132243035218824 | 1.12934 | -60453.858053012350865 |  28.681752324643455 |  28.620383223673283 |  28.620383223673283 |
|   323    | -5 | 1.129335031082477 | 1.12643 | -60453.858053012350865 |  28.620383223673283 |  28.559463472504067 |  28.559463472504067 |
|   324    | -5 | 1.126434622203221 | 1.12354 | -60453.858053012350865 |  28.559463472504067 |  28.498988850412367 |  28.498988850412367 |
|   325    | -5 | 1.123541753614398 | 1.12066 | -60453.858053012350865 |  28.498988850412367 |  28.438955187827762 |  28.438955187827762 |
|   326    | -5 | 1.120656370889640 | 1.11778 | -60453.858053012350865 |  28.438955187827762 |  28.379358365559277 |  28.379358365559277 |
|   327    | -5 | 1.117778420136079 | 1.11491 | -60453.858053012350865 |  28.379358365559277 |  28.320194314035660 |  28.320194314035660 |
|   328    | -5 | 1.114907847987677 | 1.11204 | -60453.858053012350865 |  28.320194314035660 |  28.261459012559200 |  28.261459012559200 |
|   329    | -5 | 1.112044601598645 | 1.10919 | -60453.858053012350865 |  28.261459012559200 |  28.203148488572857 |  28.203148488572857 |
|   330    | -5 | 1.109188628636972 | 1.10634 | -60453.858053012350865 |  28.203148488572857 |  28.145258816940341 |  28.145258816940341 |
|   331    | -5 | 1.106339877278051 | 1.10350 | -60453.858053012350865 |  28.145258816940341 |  28.087786119238963 |  28.087786119238963 |
|   332    | -5 | 1.103498296198401 | 1.10066 | -60453.858053012350865 |  28.087786119238963 |  28.030726563064938 |  28.030726563064938 |
|   333    | -5 | 1.100663834569492 | 1.09784 | -60453.858053012350865 |  28.030726563064938 |  27.974076361350960 |  27.974076361350960 |
|   334    | -5 | 1.097836442051656 | 1.09502 | -60453.858053012350865 |  27.974076361350960 |  27.917831771695660 |  27.917831771695660 |
|   335    | -5 | 1.095016068788093 | 1.09220 | -60453.858053012350865 |  27.917831771695660 |  27.861989095704871 |  27.861989095704871 |
|   336    | -5 | 1.092202665398973 | 1.08940 | -60453.858053012350865 |  27.861989095704871 |  27.806544678344341 |  27.806544678344341 |
|   337    | -5 | 1.089396182975623 | 1.08660 | -60453.858053012350865 |  27.806544678344341 |  27.751494907303716 |  27.751494907303716 |
|   338    | -5 | 1.086596573074798 | 1.08380 | -60453.858053012350865 |  27.751494907303716 |  27.696836212371558 |  27.696836212371558 |
|   339    | -5 | 1.083803787713049 | 1.08102 | -60453.858053012350865 |  27.696836212371558 |  27.642565064821149 |  27.642565064821149 |
|   340    | -5 | 1.081017779361162 | 1.07824 | -60453.858053012350865 |  27.642565064821149 |  27.588677976806956 |  27.588677976806956 |
|   341    | -5 | 1.078238500938693 | 1.07547 | -60453.858053012350865 |  27.588677976806956 |  27.535171500771380 |  27.535171500771380 |
|   342    | -5 | 1.075465905808578 | 1.07270 | -60453.858053012350865 |  27.535171500771380 |  27.482042228861761 |  27.482042228861761 |
|   343    | -5 | 1.072699947771823 | 1.06994 | -60453.858053012350865 |  27.482042228861761 |  27.429286792357320 |  27.429286792357320 |
|   344    | -5 | 1.069940581062271 | 1.06719 | -60453.858053012350865 |  27.429286792357320 |  27.376901861105871 |  27.376901861105871 |
|   345    | -5 | 1.067187760341457 | 1.06444 | -60453.858053012350865 |  27.376901861105871 |  27.324884142970156 |  27.324884142970156 |
|   346    | -5 | 1.064441440693525 | 1.06170 | -60453.858053012350865 |  27.324884142970156 |  27.273230383283522 |  27.273230383283522 |
|   347    | -5 | 1.061701577620229 | 1.05897 | -60453.858053012350865 |  27.273230383283522 |  27.221937364314847 |  27.221937364314847 |
|   348    | -5 | 1.058968127036005 | 1.05624 | -60453.858053012350865 |  27.221937364314847 |  27.171001904742464 |  27.171001904742464 |
|   349    | -5 | 1.056241045263113 | 1.05352 | -60453.858053012350865 |  27.171001904742464 |  27.120420859136971 |  27.120420859136971 |
|   350    | -5 | 1.053520289026856 | 1.05081 | -60453.858053012350865 |  27.120420859136971 |  27.070191117452708 |  27.070191117452708 |
|   351    | -5 | 1.050805815450859 | 1.04810 | -60453.858053012350865 |  27.070191117452708 |  27.020309604527711 |  27.020309604527711 |
|   352    | -5 | 1.048097582052429 | 1.04540 | -60453.858053012350865 |  27.020309604527711 |  26.970773279592077 |  26.970773279592077 |
|   353    | -5 | 1.045395546737967 | 1.04270 | -60453.858053012350865 |  26.970773279592077 |  26.921579135784469 |  26.921579135784469 |
|   354    | -5 | 1.042699667798463 | 1.04001 | -60453.858053012350865 |  26.921579135784469 |  26.872724199676664 |  26.872724199676664 |
|   355    | -5 | 1.040009903905043 | 1.03733 | -60453.858053012350865 |  26.872724199676664 |  26.824205530805962 |  26.824205530805962 |
|   356    | -5 | 1.037326214104587 | 1.03465 | -60453.858053012350865 |  26.824205530805962 |  26.776020221215337 |  26.776020221215337 |
|   357    | -5 | 1.034648557815404 | 1.03198 | -60453.858053012350865 |  26.776020221215337 |  26.728165395001149 |  26.728165395001149 |
|   358    | -5 | 1.031976894822977 | 1.02931 | -60453.858053012350865 |  26.728165395001149 |  26.680638207868292 |  26.680638207868292 |
|   359    | -5 | 1.029311185275760 | 1.02665 | -60453.858053012350865 |  26.680638207868292 |  26.633435846692613 |  26.633435846692613 |
|   360    | -5 | 1.026651389681044 | 1.02400 | -60453.858053012350865 |  26.633435846692613 |  26.586555529090532 |  26.586555529090532 |
|   361    | -5 | 1.023997468900870 | 1.02135 | -60453.858053012350865 |  26.586555529090532 |  26.539994502995604 |  26.539994502995604 |
|   362    | -5 | 1.021349384148010 | 1.01871 | -60453.858053012350865 |  26.539994502995604 |  26.493750046242031 |  26.493750046242031 |
|   363    | -5 | 1.018707096982004 | 1.01607 | -60453.858053012350865 |  26.493750046242031 |  26.447819466154886 |  26.447819466154886 |
|   364    | -5 | 1.016070569305243 | 1.01344 | -60453.858053012350865 |  26.447819466154886 |  26.402200099146988 |  26.402200099146988 |
|   365    | -5 | 1.013439763359121 | 1.01081 | -60453.858053012350865 |  26.402200099146988 |  26.356889310322259 |  26.356889310322259 |
|   366    | -5 | 1.010814641720227 | 1.00820 | -60453.858053012350865 |  26.356889310322259 |  26.311884493085479 |  26.311884493085479 |
|   367    | -5 | 1.008195167296603 | 1.00558 | -60453.858053012350865 |  26.311884493085479 |  26.267183068758285 |  26.267183068758285 |
|   368    | -5 | 1.005581303324045 | 1.00297 | -60453.858053012350865 |  26.267183068758285 |  26.222782486201346 |  26.222782486201346 |
|   369    | -5 | 1.002973013362459 | 1.00037 | -60453.858053012350865 |  26.222782486201346 |  26.178680221442544 |  26.178680221442544 |
|   370    | -5 | 1.000370261292268 | 0.99777 | -60453.858053012350865 |  26.178680221442544 |  26.134873777311078 |  26.134873777311078 |
|   371    | -5 | 0.997773011310865 | 0.99518 | -60453.858053012350865 |  26.134873777311078 |  26.091360683077394 |  26.091360683077394 |
|   372    | -5 | 0.995181227929123 | 0.99259 | -60453.858053012350865 |  26.091360683077394 |  26.048138494098808 |  26.048138494098808 |
|   373    | -5 | 0.992594875967941 | 0.99001 | -60453.858053012350865 |  26.048138494098808 |  26.005204791470721 |  26.005204791470721 |
|   374    | -5 | 0.990013920554849 | 0.98744 | -60453.858053012350865 |  26.005204791470721 |  25.962557181683373 |  25.962557181683373 |
|   375    | -5 | 0.987438327120654 | 0.98487 | -60453.858053012350865 |  25.962557181683373 |  25.920193296283937 |  25.920193296283937 |
|   376    | -5 | 0.984868061396131 | 0.98230 | -60453.858053012350865 |  25.920193296283937 |  25.878110791543943 |  25.878110791543943 |
|   377    | -5 | 0.982303089408761 | 0.97974 | -60453.858053012350865 |  25.878110791543943 |  25.836307348131903 |  25.836307348131903 |
|   378    | -5 | 0.979743377479512 | 0.97719 | -60453.858053012350865 |  25.836307348131903 |  25.794780670791059 |  25.794780670791059 |
|   379    | -5 | 0.977188892219667 | 0.97464 | -60453.858053012350865 |  25.794780670791059 |  25.753528488022098 |  25.753528488022098 |
|   380    | -5 | 0.974639600527687 | 0.97210 | -60453.858053012350865 |  25.753528488022098 |  25.712548551770862 |  25.712548551770862 |
|   381    | -5 | 0.972095469586130 | 0.96956 | -60453.858053012350865 |  25.712548551770862 |  25.671838637120828 |  25.671838637120828 |
|   382    | -5 | 0.969556466858595 | 0.96702 | -60453.858053012350865 |  25.671838637120828 |  25.631396541990394 |  25.631396541990394 |
|   383    | -5 | 0.967022560086718 | 0.96449 | -60453.858053012350865 |  25.631396541990394 |  25.591220086834795 |  25.591220086834795 |
|   384    | -5 | 0.964493717287208 | 0.96197 | -60453.858053012350865 |  25.591220086834795 |  25.551307114352618 |  25.551307114352618 |
|   385    | -5 | 0.961969906748914 | 0.95945 | -60453.858053012350865 |  25.551307114352618 |  25.511655489196809 |  25.511655489196809 |
|   386    | -5 | 0.959451097029944 | 0.95694 | -60453.858053012350865 |  25.511655489196809 |  25.472263097690103 |  25.472263097690103 |
|   387    | -5 | 0.956937256954809 | 0.95443 | -60453.858053012350865 |  25.472263097690103 |  25.433127847544810 |  25.433127847544810 |
|   388    | -5 | 0.954428355611615 | 0.95192 | -60453.858053012350865 |  25.433127847544810 |  25.394247667586846 |  25.394247667586846 |
|   389    | -5 | 0.951924362349285 | 0.94943 | -60453.858053012350865 |  25.394247667586846 |  25.355620507483977 |  25.355620507483977 |
|   390    | -5 | 0.949425246774827 | 0.94693 | -60453.858053012350865 |  25.355620507483977 |  25.317244337478151 |  25.317244337478151 |
|   391    | -5 | 0.946930978750622 | 0.94444 | -60453.858053012350865 |  25.317244337478151 |  25.279117148121905 |  25.279117148121905 |
|   392    | -5 | 0.944441528391769 | 0.94196 | -60453.858053012350865 |  25.279117148121905 |  25.241236950018731 |  25.241236950018731 |
|   393    | -5 | 0.941956866063443 | 0.93948 | -60453.858053012350865 |  25.241236950018731 |  25.203601773567353 |  25.203601773567353 |
|   394    | -5 | 0.939476962378303 | 0.93700 | -60453.858053012350865 |  25.203601773567353 |  25.166209668709822 |  25.166209668709822 |
|   395    | -5 | 0.937001788193930 | 0.93453 | -60453.858053012350865 |  25.166209668709822 |  25.129058704683413 |  25.129058704683413 |
|   396    | -5 | 0.934531314610291 | 0.93207 | -60453.858053012350865 |  25.129058704683413 |  25.092146969776209 |  25.092146969776209 |
|   397    | -5 | 0.932065512967248 | 0.92960 | -60453.858053012350865 |  25.092146969776209 |  25.055472571086327 |  25.055472571086327 |
|   398    | -5 | 0.929604354842090 | 0.92715 | -60453.858053012350865 |  25.055472571086327 |  25.019033634284707 |  25.019033634284707 |
|   399    | -5 | 0.927147812047100 | 0.92470 | -60453.858053012350865 |  25.019033634284707 |  24.982828303381456 |  24.982828303381456 |
|   400    | -5 | 0.924695856627151 | 0.92225 | -60453.858053012350865 |  24.982828303381456 |  24.946854740495624 |  24.946854740495624 |
|   401    | -5 | 0.922248460857343 | 0.91981 | -60453.858053012350865 |  24.946854740495624 |  24.911111125628352 |  24.911111125628352 |
|   402    | -5 | 0.919805597240651 | 0.91737 | -60453.858053012350865 |  24.911111125628352 |  24.875595656439422 |  24.875595656439422 |
|   403    | -5 | 0.917367238505625 | 0.91493 | -60453.858053012350865 |  24.875595656439422 |  24.840306548027037 |  24.840306548027037 |
|   404    | -5 | 0.914933357604103 | 0.91250 | -60453.858053012350865 |  24.840306548027037 |  24.805242032710836 |  24.805242032710836 |
|   405    | -5 | 0.912503927708960 | 0.91008 | -60453.858053012350865 |  24.805242032710836 |  24.770400359818105 |  24.770400359818105 |
|   406    | -5 | 0.910078922211886 | 0.90766 | -60453.858053012350865 |  24.770400359818105 |  24.735779795473075 |  24.735779795473075 |
|   407    | -5 | 0.907658314721190 | 0.90524 | -60453.858053012350865 |  24.735779795473075 |  24.701378622389317 |  24.701378622389317 |
|   408    | -5 | 0.905242079059630 | 0.90283 | -60453.858053012350865 |  24.701378622389317 |  24.667195139665118 |  24.667195139665118 |
|   409    | -5 | 0.902830189262277 | 0.90042 | -60453.858053012350865 |  24.667195139665118 |  24.633227662581845 |  24.633227662581845 |
|   410    | -5 | 0.900422619574402 | 0.89802 | -60453.858053012350865 |  24.633227662581845 |  24.599474522405213 |  24.599474522405213 |
|   411    | -5 | 0.898019344449385 | 0.89562 | -60453.858053012350865 |  24.599474522405213 |  24.565934066189431 |  24.565934066189431 |
|   412    | -5 | 0.895620338546657 | 0.89323 | -60453.858053012350865 |  24.565934066189431 |  24.532604656584123 |  24.532604656584123 |
|   413    | -5 | 0.893225576729667 | 0.89084 | -60453.858053012350865 |  24.532604656584123 |  24.499484671644090 |  24.499484671644090 |
|   414    | -5 | 0.890835034063868 | 0.88845 | -60453.858053012350865 |  24.499484671644090 |  24.466572504641718 |  24.466572504641718 |
|   415    | -5 | 0.888448685814740 | 0.88607 | -60453.858053012350865 |  24.466572504641718 |  24.433866563882130 |  24.433866563882130 |
|   416    | -5 | 0.886066507445821 | 0.88369 | -60453.858053012350865 |  24.433866563882130 |  24.401365272520941 |  24.401365272520941 |
|   417    | -5 | 0.883688474616780 | 0.88131 | -60453.858053012350865 |  24.401365272520941 |  24.369067068384595 |  24.369067068384595 |
|   418    | -5 | 0.881314563181501 | 0.87894 | -60453.858053012350865 |  24.369067068384595 |  24.336970403793288 |  24.336970403793288 |
|   419    | -5 | 0.878944749186195 | 0.87658 | -60453.858053012350865 |  24.336970403793288 |  24.305073745386359 |  24.305073745386359 |
|   420    | -5 | 0.876579008867539 | 0.87422 | -60453.858053012350865 |  24.305073745386359 |  24.273375573950176 |  24.273375573950176 |
|   421    | -5 | 0.874217318650828 | 0.87186 | -60453.858053012350865 |  24.273375573950176 |  24.241874384248419 |  24.241874384248419 |
|   422    | -5 | 0.871859655148162 | 0.86951 | -60453.858053012350865 |  24.241874384248419 |  24.210568684854792 |  24.210568684854792 |
|   423    | -5 | 0.869505995156646 | 0.86716 | -60453.858053012350865 |  24.210568684854792 |  24.179456997988030 |  24.179456997988030 |
|   424    | -5 | 0.867156315656614 | 0.86481 | -60453.858053012350865 |  24.179456997988030 |  24.148537859349251 |  24.148537859349251 |
|   425    | -5 | 0.864810593809879 | 0.86247 | -60453.858053012350865 |  24.148537859349251 |  24.117809817961579 |  24.117809817961579 |
|   426    | -5 | 0.862468806957997 | 0.86013 | -60453.858053012350865 |  24.117809817961579 |  24.087271436011985 |  24.087271436011985 |
|   427    | -5 | 0.860130932620558 | 0.85780 | -60453.858053012350865 |  24.087271436011985 |  24.056921288695342 |  24.056921288695342 |
|   428    | -5 | 0.857796948493496 | 0.85547 | -60453.858053012350865 |  24.056921288695342 |  24.026757964060625 |  24.026757964060625 |
|   429    | -5 | 0.855466832447416 | 0.85314 | -60453.858053012350865 |  24.026757964060625 |  23.996780062859269 |  23.996780062859269 |
|   430    | -5 | 0.853140562525948 | 0.85082 | -60453.858053012350865 |  23.996780062859269 |  23.966986198395606 |  23.966986198395606 |
|   431    | -5 | 0.850818116944113 | 0.84850 | -60453.858053012350865 |  23.966986198395606 |  23.937374996379354 |  23.937374996379354 |
|   432    | -5 | 0.848499474086715 | 0.84618 | -60453.858053012350865 |  23.937374996379354 |  23.907945094780150 |  23.907945094780150 |
|   433    | -5 | 0.846184612506749 | 0.84387 | -60453.858053012350865 |  23.907945094780150 |  23.878695143684070 |  23.878695143684070 |
|   434    | -5 | 0.843873510923828 | 0.84157 | -60453.858053012350865 |  23.878695143684070 |  23.849623805152135 |  23.849623805152135 |
|   435    | -5 | 0.841566148222629 | 0.83926 | -60453.858053012350865 |  23.849623805152135 |  23.820729753080716 |  23.820729753080716 |
|   436    | -5 | 0.839262503451361 | 0.83696 | -60453.858053012350865 |  23.820729753080716 |  23.792011673063868 |  23.792011673063868 |
|   437    | -5 | 0.836962555820241 | 0.83467 | -60453.858053012350865 |  23.792011673063868 |  23.763468262257536 |  23.763468262257536 |
|   438    | -5 | 0.834666284700005 | 0.83237 | -60453.858053012350865 |  23.763468262257536 |  23.735098229245590 |  23.735098229245590 |
|   439    | -5 | 0.832373669620416 | 0.83008 | -60453.858053012350865 |  23.735098229245590 |  23.706900293907687 |  23.706900293907687 |
|   440    | -5 | 0.830084690268808 | 0.82780 | -60453.858053012350865 |  23.706900293907687 |  23.678873187288925 |  23.678873187288925 |
|   441    | -5 | 0.827799326488637 | 0.82552 | -60453.858053012350865 |  23.678873187288925 |  23.651015651471234 |  23.651015651471234 |
|   442    | -5 | 0.825517558278049 | 0.82324 | -60453.858053012350865 |  23.651015651471234 |  23.623326439446515 |  23.623326439446515 |
|   443    | -5 | 0.823239365788468 | 0.82096 | -60453.858053012350865 |  23.623326439446515 |  23.595804314991497 |  23.595804314991497 |
|   444    | -5 | 0.820964729323204 | 0.81869 | -60453.858053012350865 |  23.595804314991497 |  23.568448052544230 |  23.568448052544230 |
|   445    | -5 | 0.818693629336065 | 0.81643 | -60453.858053012350865 |  23.568448052544230 |  23.541256437082275 |  23.541256437082275 |
|   446    | -5 | 0.816426046429999 | 0.81416 | -60453.858053012350865 |  23.541256437082275 |  23.514228264002490 |  23.514228264002490 |
|   447    | -5 | 0.814161961355743 | 0.81190 | -60453.858053012350865 |  23.514228264002490 |  23.487362339002431 |  23.487362339002431 |
|   448    | -5 | 0.811901355010491 | 0.80964 | -60453.858053012350865 |  23.487362339002431 |  23.460657477963331 |  23.460657477963331 |
|   449    | -5 | 0.809644208436577 | 0.80739 | -60453.858053012350865 |  23.460657477963331 |  23.434112506834616 |  23.434112506834616 |
|   450    | -5 | 0.807390502820172 | 0.80514 | -60453.858053012350865 |  23.434112506834616 |  23.407726261519983 |  23.407726261519983 |
|   451    | -5 | 0.805140219489997 | 0.80289 | -60453.858053012350865 |  23.407726261519983 |  23.381497587764933 |  23.381497587764933 |
|   452    | -5 | 0.802893339916051 | 0.80065 | -60453.858053012350865 |  23.381497587764933 |  23.355425341045848 |  23.355425341045848 |
|   453    | -5 | 0.800649845708353 | 0.79841 | -60453.858053012350865 |  23.355425341045848 |  23.329508386460464 |  23.329508386460464 |
|   454    | -5 | 0.798409718615701 | 0.79617 | -60453.858053012350865 |  23.329508386460464 |  23.303745598619841 |  23.303745598619841 |
|   455    | -5 | 0.796172940524437 | 0.79394 | -60453.858053012350865 |  23.303745598619841 |  23.278135861541699 |  23.278135861541699 |
|   456    | -5 | 0.793939493457239 | 0.79171 | -60453.858053012350865 |  23.278135861541699 |  23.252678068545187 |  23.252678068545187 |
|   457    | -5 | 0.791709359571913 | 0.78948 | -60453.858053012350865 |  23.252678068545187 |  23.227371122147009 |  23.227371122147009 |
|   458    | -5 | 0.789482521160211 | 0.78726 | -60453.858053012350865 |  23.227371122147009 |  23.202213933958888 |  23.202213933958888 |
|   459    | -5 | 0.787258960646654 | 0.78504 | -60453.858053012350865 |  23.202213933958888 |  23.177205424586401 |  23.177205424586401 |
|   460    | -5 | 0.785038660587367 | 0.78282 | -60453.858053012350865 |  23.177205424586401 |  23.152344523529088 |  23.152344523529088 |
|   461    | -5 | 0.782821603668941 | 0.78061 | -60453.858053012350865 |  23.152344523529088 |  23.127630169081883 |  23.127630169081883 |
|   462    | -5 | 0.780607772707289 | 0.77840 | -60453.858053012350865 |  23.127630169081883 |  23.103061308237791 |  23.103061308237791 |
|   463    | -5 | 0.778397150646526 | 0.77619 | -60453.858053012350865 |  23.103061308237791 |  23.078636896591856 |  23.078636896591856 |
|   464    | -5 | 0.776189720557862 | 0.77399 | -60453.858053012350865 |  23.078636896591856 |  23.054355898246321 |  23.054355898246321 |
|   465    | -5 | 0.773985465638501 | 0.77178 | -60453.858053012350865 |  23.054355898246321 |  23.030217285717054 |  23.030217285717054 |
|   466    | -5 | 0.771784369210561 | 0.76959 | -60453.858053012350865 |  23.030217285717054 |  23.006220039841129 |  23.006220039841129 |
|   467    | -5 | 0.769586414719993 | 0.76739 | -60453.858053012350865 |  23.006220039841129 |  22.982363149685618 |  22.982363149685618 |
|   468    | -5 | 0.767391585735530 | 0.76520 | -60453.858053012350865 |  22.982363149685618 |  22.958645612457552 |  22.958645612457552 |
|   469    | -5 | 0.765199865947630 | 0.76301 | -60453.858053012350865 |  22.958645612457552 |  22.935066433414992 |  22.935066433414992 |
|   470    | -5 | 0.763011239167439 | 0.76083 | -60453.858053012350865 |  22.935066433414992 |  22.911624625779272 |  22.911624625779272 |
|   471    | -5 | 0.760825689325771 | 0.75864 | -60453.858053012350865 |  22.911624625779272 |  22.888319210648344 |  22.888319210648344 |
|   472    | -5 | 0.758643200472085 | 0.75646 | -60453.858053012350865 |  22.888319210648344 |  22.865149216911206 |  22.865149216911206 |
|   473    | -5 | 0.756463756773487 | 0.75429 | -60453.858053012350865 |  22.865149216911206 |  22.842113681163433 |  22.842113681163433 |
|   474    | -5 | 0.754287342513736 | 0.75211 | -60453.858053012350865 |  22.842113681163433 |  22.819211647623760 |  22.819211647623760 |
|   475    | -5 | 0.752113942092260 | 0.74994 | -60453.858053012350865 |  22.819211647623760 |  22.796442168051719 |  22.796442168051719 |
|   476    | -5 | 0.749943540023187 | 0.74778 | -60453.858053012350865 |  22.796442168051719 |  22.773804301666324 |  22.773804301666324 |
|   477    | -5 | 0.747776120934386 | 0.74561 | -60453.858053012350865 |  22.773804301666324 |  22.751297115065753 |  22.751297115065753 |
|   478    | -5 | 0.745611669566512 | 0.74345 | -60453.858053012350865 |  22.751297115065753 |  22.728919682148060 |  22.728919682148060 |
|   479    | -5 | 0.743450170772073 | 0.74129 | -60453.858053012350865 |  22.728919682148060 |  22.706671084032862 |  22.706671084032862 |
|   480    | -5 | 0.741291609514493 | 0.73914 | -60453.858053012350865 |  22.706671084032862 |  22.684550408984009 |  22.684550408984009 |
|   481    | -5 | 0.739135970867200 | 0.73698 | -60453.858053012350865 |  22.684550408984009 |  22.662556752333224 |  22.662556752333224 |
|   482    | -5 | 0.736983240012712 | 0.73483 | -60453.858053012350865 |  22.662556752333224 |  22.640689216404674 |  22.640689216404674 |
|   483    | -5 | 0.734833402241738 | 0.73269 | -60453.858053012350865 |  22.640689216404674 |  22.618946910440499 |  22.618946910440499 |
|   484    | -5 | 0.732686442952288 | 0.73054 | -60453.858053012350865 |  22.618946910440499 |  22.597328950527253 |  22.597328950527253 |
|   485    | -5 | 0.730542347648795 | 0.72840 | -60453.858053012350865 |  22.597328950527253 |  22.575834459523250 |  22.575834459523250 |
|   486    | -5 | 0.728401101941241 | 0.72626 | -60453.858053012350865 |  22.575834459523250 |  22.554462566986814 |  22.554462566986814 |
|   487    | -5 | 0.726262691544295 | 0.72413 | -60453.858053012350865 |  22.554462566986814 |  22.533212409105417 |  22.533212409105417 |
|   488    | -5 | 0.724127102276464 | 0.72199 | -60453.858053012350865 |  22.533212409105417 |  22.512083128625669 |  22.512083128625669 |
|   489    | -5 | 0.721994320059248 | 0.71986 | -60453.858053012350865 |  22.512083128625669 |  22.491073874784192 |  22.491073874784192 |
|   490    | -5 | 0.719864330916303 | 0.71774 | -60453.858053012350865 |  22.491073874784192 |  22.470183803239330 |  22.470183803239330 |
|   491    | -5 | 0.717737120972619 | 0.71561 | -60453.858053012350865 |  22.470183803239330 |  22.449412076003682 |  22.449412076003682 |
|   492    | -5 | 0.715612676453704 | 0.71349 | -60453.858053012350865 |  22.449412076003682 |  22.428757861377484 |  22.428757861377484 |
|   493    | -5 | 0.713490983684769 | 0.71137 | -60453.858053012350865 |  22.428757861377484 |  22.408220333882785 |  22.408220333882785 |
|   494    | -5 | 0.711372029089938 | 0.70926 | -60453.858053012350865 |  22.408220333882785 |  22.387798674198422 |  22.387798674198422 |
|   495    | -5 | 0.709255799191449 | 0.70714 | -60453.858053012350865 |  22.387798674198422 |  22.367492069095803 |  22.367492069095803 |
|   496    | -5 | 0.707142280608876 | 0.70503 | -60453.858053012350865 |  22.367492069095803 |  22.347299711375445 |  22.347299711375445 |
|   497    | -5 | 0.705031460058351 | 0.70292 | -60453.858053012350865 |  22.347299711375445 |  22.327220799804305 |  22.327220799804305 |
|   498    | -5 | 0.702923324351801 | 0.70082 | -60453.858053012350865 |  22.327220799804305 |  22.307254539053837 |  22.307254539053837 |
|   499    | -5 | 0.700817860396185 | 0.69872 | -60453.858053012350865 |  22.307254539053837 |  22.287400139638827 |  22.287400139638827 |
+----------+----+-------------------+---------+------------------------+---------------------+---------------------+---------------------+
Não foi possível encontrar uma raiz convergente dentro do número máximo de iterações.

O tempo de execução foi de 0.064986 segundos.
