Método da Secante da função f(x)=5x^3+x^2-e^(1-2x)+cos(x)+20
I=[-5,5], Precisão=1e-10 e Número Máximo de Iterações=500.
+----------+--------------------+----------------------+---------------------+
| Iteração |         x          |         f(x)         |        |f(x)|       |
+----------+--------------------+----------------------+---------------------+
|    0     | 5.000000000000000  | 670.283538775659053  | 670.283538775659053 |
|    1     | 4.890340621345313  | 628.865319739095526  | 628.865319739095526 |
|    2     | 3.225349179796553  | 197.166648899276794  | 197.166648899276794 |
|    3     | 2.464909537169176  | 100.157706068507864  | 100.157706068507864 |
|    4     | 1.679787176419600  |  46.317600384930778  |  46.317600384930778 |
|    5     | 1.004361612209299  |  26.246394906667984  |  26.246394906667984 |
|    6     | 0.121131847683120  |  18.882790931784900  |  18.882790931784900 |
|    7     | -2.143770372094697 | -223.063808115781768 | 223.063808115781768 |
|    8     | -0.055633088320763 |  17.962484124511100  |  17.962484124511100 |
|    9     | -0.211251516754268 |  16.827769877105801  |  16.827769877105801 |
|    10    | -2.519066993914238 | -473.503148271037560 | 473.503148271037560 |
|    11    | -0.290453921357148 |  16.060593590073321  |  16.060593590073321 |
|    12    | -0.363565644647347 |  15.202038583788106  |  15.202038583788106 |
|    13    | -1.658121299495651 | -75.038405990319347  |  75.038405990319347 |
|    14    | -0.581648402403527 |  11.490199631543344  |  11.490199631543344 |
|    15    | -0.724594060624201 |  7.792671062376087   |  7.792671062376087  |
|    16    | -1.025857045742780 |  -4.978791173298802  |  4.978791173298802  |
|    17    | -0.908413524909257 |  0.968326778500725   |  0.968326778500725  |
|    18    | -0.927536015350211 |  0.094538545015002   |  0.094538545015002  |
|    19    | -0.929604951911807 |  -0.002082139399750  |  0.002082139399750  |
|    20    | -0.929560367107253 |  0.000004339405649   |  0.000004339405649  |
|    21    | -0.929560459833597 |  0.000000000198593   |  0.000000000198593  |
|    22    | -0.929560459837841 |  -0.000000000000007  |  0.000000000000007  |
+----------+--------------------+----------------------+---------------------+
Raiz convergente encontrada foi: -0.929560459837841

O tempo de execução foi de 0.000971 segundos.
